0.32224537042471907	0.3218048895499314	0.3211409829812827	0.3204169134115127	0.31993445672756177	0.31926319248521795	0.3186954689985199	0.31773285702070503	0.3168085255598023	0.3152645548022771	0.31225139480462494	0.3087248753328808	0.30328908175890723	0.29406186854348493	0.2730627039427342
0.3144018666381507	0.3136346943525439	0.31260883192326216	0.3115555557640546	0.3108697894894367	0.309999744854518	0.3093134227927087	0.3081527959566265	0.3071312212346956	0.3053212417890023	0.3016234339594519	0.29720194479823064	0.2904405389635988	0.2788861504191832	0.2510656412960612
0.3057446172328824	0.304524448982008	0.30301113873739166	0.30152448879180305	0.30057470394392655	0.2994535277441088	0.2986222533283903	0.29722061502569724	0.29609323113858177	0.29396820118188816	0.2894367710026881	0.2839266036521254	0.27557601703040735	0.2612049790718982	0.22487919846136284
0.2973239700913294	0.2955748820265606	0.2935071287594951	0.29153814105093384	0.2902986672133162	0.28890727584387793	0.2879233144107325	0.28626907390983036	0.2850384788648755	0.28258998130629404	0.27719467714475143	0.27057247386198435	0.2606383374362973	0.24347640521913383	0.19885872312226574
0.28803707506380255	0.28561676837966066	0.28286320035232604	0.28031090444723245	0.2787266336335843	0.2770183578016172	0.2758576529137476	0.27391292005205164	0.2725674586975437	0.26975305639796804	0.2633893016027872	0.2555577463212451	0.24397165538222504	0.2239934284036523	0.17177974786038225
0.2788667579139496	0.2757127941135872	0.2722295629595328	0.26907199209908383	0.26713653187761843	0.26510968913865823	0.2637728472187348	0.2615411838864128	0.2600828530981321	0.2569129542078609	0.24963265855898556	0.24071234954268184	0.2277378121300463	0.20557817365281258	0.14885435055911145
0.26874441507112984	0.2647265999025998	0.26040996564114943	0.256581095080846	0.2542648774449255	0.25189748195565853	0.25037388445166353	0.2478417683273763	0.24626428098797817	0.2427301842581321	0.23455169560066075	0.22464483720665065	0.2105542492433115	0.1869473369659865	0.12929213734415218
0.25864853243381764	0.25374290952691014	0.24860012539360457	0.24412941714514888	0.24145947122754174	0.2387814175924244	0.2370894416448723	0.23429127250149726	0.23260759828640556	0.22876197266005702	0.2198655306263913	0.20926663690597003	0.19456953805298036	0.1705922585373899	0.11559761749917251
0.2485613450064821	0.2427717725600658	0.23684066470262174	0.2317839165432258	0.22880248569085207	0.2258577199995056	0.22402396663880167	0.22100753684688645	0.21923775201258627	0.21515091153859875	0.20575390989853695	0.1947825486927078	0.17997977711841467	0.15657828436147198	0.1065206967006296
0.23748071727038025	0.23075509348179488	0.22403359338771792	0.21842308856168882	0.2151620075820225	0.21198738569270845	0.21003591278748304	0.20684614022883466	0.20501198984428193	0.20075497831087066	0.1910763269784854	0.18005223023498804	0.16563471805440377	0.1436800845430122	0.10019809867594152
0.22644271296461368	0.2188512203275623	0.21145042705076555	0.20540323278279843	0.20193884007725216	0.19860954383469495	0.196585309753904	0.1932987120379275	0.1914368741121092	0.18711518663938084	0.17742873285623903	0.16667857860853486	0.15304964342730126	0.13306875419407263	0.0962550419401988
0.21450004696810013	0.20607911832314793	0.19809327421251258	0.19172016446624693	0.18812701623324032	0.184718405504801	0.18266770584956624	0.17936323777932203	0.17751461211842984	0.17323849582789522	0.16381961550226284	0.153659589812267	0.14119341035150446	0.12363208524052333	0.09348153835905235
0.20272697883771984	0.19362884273406383	0.18524202080102042	0.17870718916448092	0.1750817444404492	0.17168403547184455	0.16965941676610674	0.16642187029436697	0.16462896644865188	0.16050513104100808	0.15158471770014006	0.14222419460107225	0.13108592986550544	0.11596531640014571	0.09154502373840466
0.19025203771652277	0.18062144442815037	0.1720196577655605	0.16549037931477423	0.16193045984878535	0.15863550731189272	0.1566909266422322	0.15360680205196145	0.15191470540464042	0.14805121633942975	0.13985468319582997	0.13149244954147116	0.12183982457950125	0.1092002760142144	0.08989965653666536
0.17816446033052494	0.16823017420935257	0.15963878872699755	0.1532856104870879	0.14988041137550004	0.14676566425468007	0.14494384257207957	0.14207729389124402	0.14051737360875943	0.13698324256382557	0.12962304086792803	0.12230573052576622	0.11408576770809416	0.10365791668031157	0.08845980249213371
0.16569166088451853	0.15569281326964018	0.14734412097287902	0.1413392631461246	0.13817756539877268	0.13531991609440847	0.13366338847528728	0.13107796355342458	0.12968205024231433	0.12654544288284422	0.12013263798829642	0.11391484039590917	0.10710723048227774	0.09872129453933443	0.08699294293030627
0.15389217213881584	0.14408955146902602	0.13618654187137436	0.13065305025341226	0.12778843909160084	0.12522788792159786	0.12375576774040302	0.12147535191817896	0.12025278250617463	0.11752686924604949	0.11204589896874688	0.10684765632075367	0.10128118577464386	0.09459294439316779	0.08554752101574117
0.14210371531464458	0.13276712615193484	0.1255119184619846	0.12056942996577873	0.11805368912737055	0.11582930172899923	0.11456065282300819	0.11260973381583267	0.11157085828285668	0.10927190430096735	0.10472185059342212	0.10049410311839019	0.09605749481718168	0.09084457893833046	0.08399612009701737
0.13128265096723785	0.12262403582405566	0.1161298237565763	0.1118175917022899	0.10965635440983429	0.1077640093804623	0.10669242571570972	0.10505523184758213	0.10418860641132673	0.10228355696850064	0.0985644106816722	0.09516866491669036	0.09166512697705534	0.08762388392617776	0.08243690293911596
0.12086297080989897	0.11308900091836877	0.1074622696317115	0.10381824799009982	0.10201874660071435	0.10045758253393455	0.09957943584545811	0.09824588217997907	0.09754388943402194	0.09601018952098944	0.09305309276256628	0.09039520896937789	0.08769382054818095	0.0846276804672462	0.08076949908910203
0.11161570962751576	0.1048152084313358	0.10005211849781918	0.0970357252945525	0.09556543461873453	0.09430003861678199	0.09359235981533587	0.09252324957775301	0.09196313333759798	0.09074576223753014	0.08842300823925306	0.08636233508172227	0.08429356685945004	0.08197596726764078	0.07910522539214727
0.10303945439101388	0.09729074612129093	0.09338917659328254	0.09096947507225887	0.08980404014946572	0.08880826220994399	0.0882542627267804	0.08742121204582243	0.08698662912703191	0.08604645093607101	0.0842690297758397	0.08270999078531478	0.08116137159787394	0.07944575945798249	0.0773485832547974
0.09566693016649999	0.09092205008024568	0.08779010772269452	0.08588237537490179	0.08497279238581157	0.08420033677191828	0.08377244946930189	0.08313152192254221	0.08279835082086003	0.08208030332690269	0.08073301042990835	0.07956210922195722	0.07840893352450368	0.07714274288393556	0.07561094854639748
0.0890413795990686	0.08525699970670574	0.08282187403686253	0.08136230658161943	0.08067260488110055	0.08008999431200627	0.07976849120171897	0.07928853186356039	0.07903980502339915	0.07850550201885897	0.0775094184115213	0.07665051578637902	0.07581070024275921	0.07489544760338271	0.07379770822635924
0.08349938403685717	0.0805385535130139	0.07867384284891743	0.07757096974512771	0.0770536183477789	0.07661848151292507	0.07637909496422214	0.07602269019613878	0.07583845091490381	0.07544371020163927	0.07471157538115471	0.07408418318507627	0.07347420871646196	0.07281332003397317	0.07202593996363967
0.07855165126248366	0.07631691743669829	0.07493608184845738	0.07412883970257435	0.0737525532418899	0.07343723632034126	0.07326422284495211	0.07300723020986126	0.07287466240727825	0.0725912590578128	0.07206789996484422	0.07162175620111899	0.07119005766776823	0.07072460097862192	0.07017311635784458
0.07443621030527485	0.07277586179829486	0.07176571646333718	0.07118065924827689	0.07090930777910985	0.07068258905295355	0.07055844658320358	0.07037438097203164	0.07027959025937909	0.07007729785398724	0.06970498824838267	0.06938889734716165	0.06908416583791174	0.06875683840770277	0.06837065431247373
0.07079196375041731	0.06959682760481672	0.06887919886643712	0.06846679112583855	0.06827631183025863	0.06811754894133808	0.06803076510441088	0.06790228340019523	0.06783620831876691	0.06769539844232449	0.06743696223088923	0.06721827812981412	0.06700808457594978	0.0667829934978635	0.06651833768876705
0.06769492476772304	0.06684696183460379	0.06634306970694644	0.06605526045999982	0.06592276219425972	0.06581253434864996	0.0657523610374094	0.06566337897975331	0.06561766632846822	0.06552035718473319	0.06534214214852459	0.06519172538207697	0.06504748143964763	0.06489337508253856	0.06471265476677153
0.064766594929173	0.06419384540450351	0.06385651558868376	0.06366484149069383	0.06357684357200781	0.06350375283757642	0.06346389726544384	0.0634050177772235	0.06337479672467926	0.06331052414643784	0.0631930241168221	0.06309406395823208	0.06299934717291973	0.06289835113744827	0.06278017031774352
0.06221201447258107	0.06183071863432516	0.06160767169205212	0.061481433232520595	0.06142359748804163	0.061375616956830026	0.06134947573876387	0.06131088508777258	0.06129109099070324	0.06124902312775776	0.061172220040433566	0.06110763904333335	0.06104591603377421	0.060980196689809286	0.06090341941435451
0.05993363112264522	0.05968335706900559	0.059537709136416955	0.059455521864595004	0.05941792709100089	0.059386766621838435	0.059369800224925176	0.059344767595207196	0.059331934218629694	0.05930467399251855	0.059254955285392534	0.05921319875267038	0.05917333299768708	0.05913093213524063	0.0590814566921451
0.0587812188633984	0.0585835103532124	0.05846871401688857	0.05840402039259863	0.05837444799287711	0.0583499465344918	0.05833660955201069	0.058316936576335014	0.058306853128155416	0.05828543906915115	0.05824640006532637	0.05821363006478787	0.05818235853628444	0.05814911409384741	0.0581103431450763
0.056798769115439574	0.056671983174902664	0.05659861369745763	0.05655734579298819	0.05653850068874475	0.05652289611608674	0.05651440546667877	0.05650188559766608	0.05649547057111142	0.05648185163063171	0.05645703957375749	0.056436227895244544	0.05641638149073625	0.05639529757231271	0.0563707275900351
0.05478907883650698	0.05471255504020153	0.05466839227881422	0.05464359091964076	0.05463227456760351	0.05462290852645251	0.05461781401665481	0.05461030406370835	0.05460645705954152	0.05459829216928972	0.05458342447527542	0.05457096157572763	0.054559083290447105	0.05454647136764504	0.054531783251255975
0.053133202684122624	0.05308503849801037	0.053057291896379026	0.05304172553869947	0.05303462671228249	0.05302875312368733	0.053025558961253036	0.053020851236339955	0.053018440093660565	0.05301332357759398	0.05300400991488515	0.05299620584377411	0.05298877051937102	0.05298087882246015	0.05297169167307125
0.051488816668839955	0.05145990558342306	0.05144327379939847	0.05143395054492291	0.05142970058553008	0.051426185002924715	0.051424273488036805	0.05142145660885649	0.05142001408774923	0.051416953438504956	0.05141138358223655	0.05140671798499404	0.051402274094433875	0.05139755878273951	0.05139207116635157
0.0499010997542892	0.049884500661487904	0.04987496181612802	0.04986961788610011	0.04986718265538677	0.04986516858946961	0.04986407362805994	0.049862460230785374	0.04986163409471632	0.049859881435190614	0.049856692537960066	0.049854021992693065	0.04985147889241069	0.04984878104503282	0.04984564207427676
0.04831464822459482	0.04830592533123866	0.048300916769183744	0.04829811215135714	0.04829683440026419	0.04829577778054006	0.04829520339817046	0.04829435713306257	0.04829392383879207	0.04829300467324585	0.048291332547203095	0.048289932482539356	0.048288599452131105	0.04828718554157801	0.04828554074634259
0.04672260459535404	0.04671869874184442	0.04671645747793552	0.046715202902041564	0.04671463143965437	0.046714158927177035	0.046713902087011976	0.04671352369688924	0.04671332996971231	0.046712919033605846	0.04671217155688534	0.04671154578622988	0.04671095005227399	0.046710318252978784	0.04670958338763322
0.045126414061242986	0.04512526657001213	0.04512460843002558	0.045124240128193376	0.045124072389682086	0.045123933706706996	0.045123858328078525	0.045123747281906976	0.04512369043126566	0.04512356984485236	0.04512335052275379	0.04512316693091598	0.045122992168003306	0.04512280684271461	0.04512259130812461
0.0435283097180767	0.04352859658683949	0.04352876106074211	0.043528853083306646	0.04352889498939732	0.043528929634390784	0.04352894846420794	0.04352897620286132	0.043528990403208206	0.043529020522826666	0.043529075300776744	0.04352912115114912	0.04352916479340731	0.043529211069860185	0.04352926488554484
0.041931119257228526	0.041932033813868806	0.04193255803048761	0.04193285128427532	0.04193298481855665	0.04193309521046203	0.04193315520752201	0.041933243588247966	0.04193328883241622	0.041933384794685516	0.04193355931045145	0.041933705375417615	0.04193384439894865	0.04193399180639391	0.041934163218917755
0.04033807810698197	0.04033916221249749	0.040339783495664236	0.04034013101243433	0.04034028924670457	0.04034042005374314	0.040340491144670455	0.040340595865556474	0.04034064947371725	0.04034076317375643	0.040340969939820795	0.040341142990106875	0.04034130769190458	0.04034148231962062	0.04034168537666506
0.038752663014299825	0.03875368210389226	0.03875426604880643	0.038754592655303774	0.038754741362590224	0.03875486429118185	0.03875493109927229	0.03875502950993487	0.038755079887175144	0.03875518673318383	0.03875538103011273	0.03875554363962843	0.03875569840022533	0.03875586248323384	0.038756053273198546
0.03712709783369358	0.03712794658682908	0.03712843288060032	0.037128704854781765	0.03712882868384738	0.037128931045221095	0.03712898667499172	0.0371290686187763	0.03712911056610753	0.03712919953211785	0.03712936131173931	0.03712949670418622	0.037129625558964256	0.037129762173011185	0.03712992101961334
0.03556981793509736	0.035570479314650294	0.035570858228091314	0.035571070138866845	0.035571166619387355	0.035571246372638	0.035571289715365426	0.03557135355966021	0.03557138624159892	0.035571455556217275	0.035571581599371176	0.03557168708265363	0.03557178747120139	0.035571893903495445	0.03557201765479918
0.033988453986724225	0.033988939057219	0.03398921694824479	0.033989372357339245	0.033989443112353114	0.03398950159979952	0.03398953338523649	0.033989580205302954	0.033989604172427364	0.03398965500370572	0.03398974743558409	0.033989824789409276	0.03398989840646695	0.033989976454832774	0.03399006720257757
0.03242349270271063	0.03242383297337348	0.032424027904458204	0.03242413691677875	0.03242418654771885	0.03242422757339295	0.03242424986902084	0.03242428271046147	0.03242429952190053	0.03242433517675863	0.03242440001138377	0.032424454269424904	0.032424505906089994	0.032424560650647215	0.03242462430235819
0.030892044841349074	0.030892275484444336	0.0308924076105186	0.030892481499244576	0.030892515138979827	0.030892542945993584	0.030892558057832836	0.030892580317513994	0.03089259171216017	0.030892615878664032	0.030892659822758455	0.030892696598016616	0.03089273159641096	0.03089276870113346	0.030892811842752416
0.029351585148699153	0.029351734978623832	0.029351820809000922	0.029351868807480322	0.029351890659934	0.029351908723397945	0.029351918540048885	0.029351932999918784	0.02935194040186223	0.029351956100363775	0.029351984646270195	0.029352008535260814	0.029352031269953067	0.029352055372838234	0.029352083397155462
0.027849347553944068	0.02784944218505295	0.027849496394236558	0.027849526709219287	0.027849540510805744	0.027849551919323975	0.027849558119316106	0.02784956725186088	0.027849571926766716	0.027849581841589394	0.027849599870518552	0.02784961495822092	0.027849629316873636	0.02784964453961765	0.027849662239002548
0.026387439389373258	0.026387497646886696	0.02638753101938367	0.026387549681974036	0.02638755817853078	0.026387565201856727	0.026387569018701203	0.026387574640883357	0.026387577518849983	0.026387583622612648	0.026387594721570637	0.026387604009842098	0.026387612849288148	0.02638762222067511	0.026387633116713327
0.02493319555745828	0.02493323013455432	0.024933249941792295	0.024933261018389722	0.024933266061250868	0.024933270229720438	0.024933272495085125	0.02493327583194851	0.02493327754007158	0.024933281162759266	0.02493328775017709	0.02493329326291826	0.02493329850927098	0.0249333040713357	0.024933310538300262
0.023270937927812707	0.023270956018796772	0.02327096638206362	0.0232709721773995	0.02327097481585019	0.023270976996814036	0.023270978182063612	0.023270979927926132	0.023270980821623943	0.023270982717030333	0.023270986163595467	0.023270989047883748	0.023270991792795424	0.02327099470288755	0.023270998086424993
0.021713476169960357	0.02171348550437516	0.021713490851509667	0.021713493841727168	0.02171349520308724	0.021713496328397745	0.021713496939950273	0.02171349784076163	0.02171349830188218	0.021713499279853447	0.02171350105817432	0.02171350254637746	0.021713503962666317	0.02171350546418278	0.021713507209981792
0.018909490566704528	0.018909492995307937	0.018909494386510125	0.01890949516449601	0.018909495518690533	0.018909495811470334	0.01890949597058215	0.018909496204952445	0.018909496324925334	0.018909496579370782	0.018909497042048563	0.018909497429244405	0.01890949779772977	0.018909498188389266	0.018909498642605327
0.016422111683737497	0.01642211228322304	0.016422112626632502	0.016422112818673326	0.016422112906104035	0.01642211297837483	0.016422113017650546	0.016422113075503404	0.016422113105117892	0.01642211316792618	0.01642211328213519	0.016422113377712003	0.0164221134686702	0.016422113565101985	0.016422113677222284
0.014341021185440525	0.014341021339065037	0.014341021427067325	0.014341021476279834	0.01434102149868487	0.014341021517204977	0.01434102152726981	0.014341021542095243	0.014341021549684276	0.014341021565779532	0.014341021595046794	0.01434102161953935	0.014341021642848367	0.014341021667560022	0.014341021696292047
0.012489070816784666	0.01248907085457821	0.012489070876227876	0.012489070888334772	0.012489070893846632	0.012489070898402893	0.012489070900878939	0.012489070904526159	0.012489070906393123	0.012489070910352815	0.012489070917552915	0.012489070923578411	0.01248907092931272	0.01248907093539205	0.012489070942460467
0.010151149913561343	0.010151149918096796	0.010151149920694878	0.010151149922147794	0.010151149922809286	0.010151149923356022	0.010151149923653123	0.010151149924090885	0.010151149924314921	0.010151149924790107	0.010151149925654142	0.010151149926377279	0.010151149927065378	0.010151149927794954	0.010151149928643183
0.008248600151548382	0.008248600152082706	0.008248600152388756	0.008248600152559933	0.00824860015263783	0.008248600152702304	0.00824860015273729	0.00824860015278888	0.008248600152815193	0.008248600152871209	0.008248600152972978	0.008248600153058195	0.008248600153139286	0.008248600153225214	0.008248600153325146
0.006255763639532446	0.006255763639562947	0.006255763639580326	0.006255763639590047	0.006255763639594491	0.0062557636395981185	0.0062557636396001585	0.00625576363960307	0.006255763639604591	0.006255763639607731	0.006255763639613572	0.0062557636396184365	0.006255763639623032	0.006255763639627948	0.006255763639633622
0.004744390319269324	0.00474439031927108	0.004744390319272029	0.004744390319272555	0.004744390319272825	0.004744390319273022	0.004744390319273134	0.004744390319273301	0.004744390319273385	0.004744390319273533	0.004744390319273893	0.004744390319274134	0.004744390319274393	0.004744390319274696	0.004744390319275022
0.003598160160499432	0.003598160160499493	0.003598160160499601	0.0035981601604995945	0.0035981601604996097	0.0035981601604996014	0.003598160160499592	0.0035981601604996483	0.0035981601604996387	0.003598160160499668	0.003598160160499668	0.003598160160499691	0.0035981601604997307	0.003598160160499725	0.0035981601604997476
0.0025465698334341336	0.002546569833434086	0.002546569833434159	0.0025465698334341163	0.00254656983343417	0.0025465698334341184	0.0025465698334341453	0.0025465698334341084	0.0025465698334341154	0.0025465698334341588	0.0025465698334341414	0.0025465698334341605	0.002546569833434177	0.00254656983343413	0.002546569833434145
0.0018023149685632755	0.001802314968563325	0.001802314968563281	0.001802314968563327	0.001802314968563311	0.0018023149685632942	0.0018023149685633543	0.001802314968563299	0.0018023149685633196	0.001802314968563291	0.0018023149685633347	0.001802314968563301	0.0018023149685633575	0.0018023149685633295	0.0018023149685633165
