-0.04705566469021231	-0.056281407844210596	-0.06110152655727572	-0.06281630182093616	-0.06370857674952062	-0.06265282057506216	-0.06141877641093315	-0.0588872014149431	-0.05576229459665266	-0.0499821647697746	-0.041720804441299074	-0.03387853645986648	-0.02530692678195313	-0.01800715603438095	-0.0095687850859184
-0.04075668707465435	-0.04860615626894458	-0.05329066849437277	-0.05522275017017093	-0.05642802901085242	-0.05571517097842348	-0.054800876212491766	-0.05281161837621229	-0.04998175191846274	-0.04483506404536638	-0.03750704548728832	-0.030595089097638677	-0.022666718088445986	-0.015411613223165718	-0.007423538746709914
-0.035502542416561034	-0.04241886038304029	-0.0465318195595918	-0.0484381002595464	-0.04959261162543327	-0.04917804911573586	-0.04837934573237065	-0.046665333348141234	-0.04400125371590382	-0.0393898524189236	-0.03302250353783068	-0.027027457202626504	-0.01984340796588556	-0.013449566695344093	-0.0060730063400184905
-0.03106816915908985	-0.03733501783180937	-0.041237808000286515	-0.043039809624092984	-0.044181794396346785	-0.04384832176891843	-0.04312065682900416	-0.04156272131850546	-0.03906034577762384	-0.03499583772399124	-0.029331437264424744	-0.024034692636228316	-0.017776141636610437	-0.012023125114041577	-0.00558055932014146
-0.026949301037027223	-0.03269469161772048	-0.03632153406865619	-0.0380500898861032	-0.03914917035851446	-0.03890181388536817	-0.03822544071974041	-0.036909777331205616	-0.03463494688962659	-0.03097850164919772	-0.0260860002476806	-0.021624930896386747	-0.01604343503941527	-0.010971343396838154	-0.005192656224998056
-0.02369029176926782	-0.028711317661378813	-0.03211373816546762	-0.033856236532813264	-0.03491582200821374	-0.034818075041777086	-0.0342127694567603	-0.0330363138041937	-0.03096652680703706	-0.02770982803098211	-0.023398846062523213	-0.019512298075442278	-0.014786714058775218	-0.010120652867892715	-0.005009883952923198
-0.02067564985123167	-0.025212396924250036	-0.028398649119356554	-0.03010024619314545	-0.031129166754140503	-0.031049573835840283	-0.030551914921937973	-0.02958150663114013	-0.027672181741522653	-0.024759060107132993	-0.021185340899034604	-0.017726279606946487	-0.013451892922184192	-0.009345472676916653	-0.004892493453027404
-0.017679140691224695	-0.022054571513995733	-0.025116657713603368	-0.026894707651714016	-0.027924616228364247	-0.027977886749451623	-0.02754157730919528	-0.026682901002523615	-0.024941094364013854	-0.022381738195619946	-0.01922964536524054	-0.016387806711886114	-0.012775703405636565	-0.008986607976859561	-0.004840208677804187
-0.015576235520801104	-0.01957586408873055	-0.02256732109064566	-0.024309308816342218	-0.025312524134076825	-0.02547864564562814	-0.025138709780171575	-0.024381193064072697	-0.022726188906548674	-0.020513151788307687	-0.017823417181940155	-0.01531732113416	-0.012097824906698152	-0.008850114892729065	-0.00506333170328779
-0.013447197944022238	-0.017293700041679724	-0.020132389290325636	-0.021925418390658053	-0.022959626623514345	-0.0231140514106463	-0.02284628756512723	-0.022296533283971826	-0.02078732214683725	-0.01870067007155046	-0.016367237982676672	-0.01441783748976134	-0.011451854687193853	-0.008569331688034802	-0.005213787500062358
-0.012170413178873891	-0.015474657918598778	-0.01822929206680396	-0.019971576261465177	-0.021015086566112368	-0.02133156992908317	-0.021013789217713786	-0.020566501497870246	-0.01918527763092102	-0.017332692544414035	-0.01532480438380931	-0.013594943304431428	-0.010976427116028276	-0.008417327713461691	-0.005396447151965314
-0.010267325056493116	-0.013657533704829082	-0.016373406985212138	-0.018144174649988274	-0.019255636036049725	-0.01958737009111637	-0.01945712024036356	-0.019096157420682394	-0.01773080234192911	-0.0162379463917846	-0.01452236185549341	-0.012991581669735824	-0.010803937592964765	-0.008659567071925132	-0.0056358832028795824
-0.008932984022212946	-0.012174844519779097	-0.014870219297319173	-0.016689074214018735	-0.017808651183104738	-0.01822059092544545	-0.01812090210627335	-0.017846596143814734	-0.01662339202716968	-0.015117776532429105	-0.0138158243308842	-0.012600916125622927	-0.010722843261759494	-0.008552996929291646	-0.005926883163001664
-0.008081464919215823	-0.011032946093012337	-0.013587741471543199	-0.01539797083292852	-0.016501153701716134	-0.016991899739169296	-0.017012247724795374	-0.01685753080628634	-0.01578455361616549	-0.014483054184385077	-0.013366593380027351	-0.012463414358770498	-0.010650509954576089	-0.008577046485032247	-0.00636521665558779
-0.0070271641313485915	-0.009953207441178185	-0.012516730164496842	-0.014357275059299466	-0.01555368777147022	-0.01601538809252148	-0.01608972899223354	-0.0160009416490756	-0.01503902516624435	-0.013903127304117835	-0.013028219425231906	-0.012089455574116772	-0.010552809505560014	-0.008741150166177143	-0.0063029041357798715
-0.006381635880800203	-0.00905286373829113	-0.011560277351171109	-0.013414889031544438	-0.014611566142590592	-0.015144853377403117	-0.01527025687160396	-0.01526301953219677	-0.014339455949447605	-0.013293815171365872	-0.012489756594519034	-0.011957244745107893	-0.010475620853268343	-0.00880866573197629	-0.006688941166437965
-0.005810465960708771	-0.008407986138121356	-0.010792581590518996	-0.012722975056050531	-0.013921462703612714	-0.01452044953313725	-0.014662388814683828	-0.014671608777574686	-0.013838588145353584	-0.012896366541638142	-0.012237046650291449	-0.01192764068756172	-0.010512305351658367	-0.008997398188966572	-0.006864410456029125
-0.005215544311547954	-0.007748448220565244	-0.010156101084967397	-0.012062577527673772	-0.013291633180773648	-0.013989236475368205	-0.014132820673816852	-0.014203183146624642	-0.01341378877613907	-0.01256404263586576	-0.012155763621423475	-0.0118443454829131	-0.01051737525351701	-0.009297202543110401	-0.007120350563419919
-0.0047132077877755875	-0.00715357501991945	-0.009616774045698344	-0.011539227330379653	-0.012794535178041487	-0.013469244812439026	-0.013660496443610415	-0.013820825560759172	-0.013104978257561142	-0.012308125873113758	-0.011909453618466579	-0.011726941296915025	-0.010691619589193695	-0.009330751830465387	-0.0073944679156697024
-0.004384002175301085	-0.006767731348979667	-0.009182227745627422	-0.01109564990351924	-0.01239753963999385	-0.013119501715093282	-0.01333037603928752	-0.013529665531238902	-0.012838929244043938	-0.012163014474263647	-0.011799066859858433	-0.011692769570403204	-0.01080547555795639	-0.009543683686008471	-0.007369179776133806
-0.00426637113484159	-0.006466095147356341	-0.008786440306811734	-0.010796365476418317	-0.012071551093282387	-0.012832058644067565	-0.01310560470088226	-0.013314400181407629	-0.012679545093772131	-0.011977287886990545	-0.011729719674340148	-0.01175936339313481	-0.010850505419604313	-0.00947789301630649	-0.007706611296654432
-0.0037731307000401387	-0.006102294103324788	-0.008485142878351115	-0.010478406462974777	-0.011758821011477164	-0.012543247065816526	-0.01280750771338597	-0.013059471571139599	-0.012421766048084648	-0.011912138366477419	-0.011654175264126161	-0.011493477407922245	-0.010968903268314956	-0.009793175954839198	-0.007877918777491633
-0.0032681513724732367	-0.005782396219594952	-0.008174616435177043	-0.01020642071890701	-0.01154526150717714	-0.01235128993285557	-0.012619001164438282	-0.012897826516150087	-0.012305422026002074	-0.011747334864462397	-0.01153924567246188	-0.011603351353968951	-0.010819035305999945	-0.009831228121250493	-0.007821022519384867
-0.0031420799258527975	-0.005613207303243817	-0.0079957149274667	-0.010021625463922693	-0.011323619287716117	-0.012182522092366045	-0.012489606414429666	-0.012814216616050497	-0.012167681516772742	-0.011583111532991726	-0.011530131220487851	-0.011585828878565303	-0.010532810832126746	-0.009620041706038304	-0.00802419696519253
-0.002901393419311482	-0.005384917817301399	-0.007783112620777873	-0.009838705604881917	-0.01119561010301283	-0.012004035018789156	-0.012372500331771952	-0.012666754395575333	-0.012126815360271602	-0.011638111536324484	-0.011567864120621498	-0.01161748039606083	-0.011080677891787648	-0.010063575338024341	-0.008310907389421258
-0.0030138334577637705	-0.005329891296974129	-0.0077611901196808246	-0.009765685318210664	-0.011101881742599204	-0.011949753241262046	-0.012300226660279792	-0.012605771545030378	-0.012044272559846877	-0.011500826542978243	-0.011586495615702424	-0.011702607680427517	-0.011002736254539255	-0.009982321361104359	-0.008265029729750175
-0.0030846367739998074	-0.005177167999495244	-0.007616606264760421	-0.009627997590065877	-0.011020738561222316	-0.011894825606349005	-0.012234614250153354	-0.012577984029333	-0.012010188761825672	-0.011516221509399238	-0.01153948244991681	-0.011731071770105265	-0.011068185823476814	-0.010126711538595136	-0.008225821180022047
-0.003057553175804998	-0.005126574300839644	-0.007534913947152868	-0.009609604582171844	-0.010959258766085563	-0.011773055377892605	-0.012097957129105469	-0.0125438988923287	-0.011985753223662458	-0.011598227475347509	-0.011504662724196904	-0.011753486042488196	-0.011220654981098649	-0.010074624108832746	-0.008366097667762242
-0.0027761228935336193	-0.005220610127020957	-0.007516490928634464	-0.009540897719602141	-0.010915615571502592	-0.011741317699983378	-0.01198400873624717	-0.012462611992782991	-0.011850065191872386	-0.011435373040569907	-0.011537826017718049	-0.011658190222825012	-0.011057566124897033	-0.009992320633517153	-0.00828200784605755
-0.002751112848109876	-0.005182840782589717	-0.007454598885975724	-0.009469387514063352	-0.01084687046102815	-0.01170275088797801	-0.012029547475989463	-0.012464097429707804	-0.011897500413802628	-0.011560125635194221	-0.011603004110890866	-0.011651875699524703	-0.011284849999499275	-0.010265686024617119	-0.008389573182651822
-0.002847500743523313	-0.0050022002823005745	-0.007377235020343781	-0.009443083053066162	-0.010813128008661443	-0.01164642900191156	-0.011985891836010796	-0.01244251911435973	-0.011900565824160486	-0.011476109312658774	-0.011658668483145979	-0.011798996439234455	-0.011079512707704436	-0.01011732184392528	-0.008488930298593534
-0.0027447590525219324	-0.004960084449365083	-0.007356790582508685	-0.009434566810693013	-0.010794315039336283	-0.011694156083333953	-0.01203981924220486	-0.012456984288646599	-0.011912008541744854	-0.011507314593818775	-0.011625401704616152	-0.01198361679511715	-0.011211582630405706	-0.010332656879838076	-0.008613845847098596
-0.002578449511005261	-0.004860253617243018	-0.0072924381925597095	-0.009376488095080045	-0.010730929467355191	-0.011629299527038122	-0.011918495095029721	-0.01234122016310496	-0.011763952843673436	-0.011387154568220486	-0.011474682204076101	-0.011763412053717408	-0.010995370254286799	-0.010172259233023949	-0.008374492272178407
-0.002728471641113584	-0.004863571452088578	-0.0072684252505959045	-0.009390576965690348	-0.010740976783815621	-0.011635009649475387	-0.011966443761117954	-0.012413692162185732	-0.011855150146524501	-0.011475686258495594	-0.011535189936074835	-0.011757594207045289	-0.011241518549453352	-0.0102169082768317	-0.008429704793072187
-0.002889786421589257	-0.0049852530846480544	-0.00729304773933206	-0.009357918960995665	-0.010781699304340637	-0.01162775863239756	-0.01199026610397242	-0.01244777529445047	-0.011967900971160616	-0.011528272078890242	-0.011639440562820395	-0.0117972719456619	-0.011224966996054552	-0.010227047353105166	-0.008414063040684733
-0.00268472259265414	-0.004857858585860926	-0.0072315184997987746	-0.009323447154057071	-0.010716322142880742	-0.01163826940019109	-0.011990830153455992	-0.012392857507662539	-0.011876556710494132	-0.011478410672492676	-0.011552508671896175	-0.01176411580034485	-0.0111781994237	-0.010305347790389498	-0.008507994469711557
-0.002675618406373597	-0.004889489029399625	-0.007262876534637225	-0.009336232918419781	-0.01072933360428282	-0.011617749947380717	-0.012009289557760733	-0.012417741683600837	-0.01189060611436505	-0.011496068156490943	-0.01165471492479534	-0.011832918293275858	-0.011171782993680953	-0.010200186214905555	-0.008470584881667157
-0.002667630241255626	-0.004893921232419115	-0.007206795999787218	-0.009313802097745516	-0.010699957596496409	-0.01162754903982656	-0.011987953946375073	-0.012387632573018026	-0.011863654548658072	-0.011426069226073837	-0.011534691304275146	-0.011853435653678171	-0.011266093906187165	-0.01009682027400424	-0.008452760375673673
-0.00267454825196348	-0.004876803015384158	-0.007215685409101884	-0.009302166236820448	-0.010714283529401195	-0.011597235801376747	-0.011951921704023843	-0.012386033995449285	-0.011874551249478844	-0.011472425574009905	-0.01158407130461671	-0.011828536098213431	-0.011195019611905922	-0.010179710131773342	-0.008341698935619618
-0.0029105500247084744	-0.004963685168800302	-0.0072661727438536675	-0.009341040212909523	-0.01072336398461708	-0.011632487122789003	-0.011992523150290221	-0.0124395146660672	-0.01190610621087447	-0.011539921070532625	-0.011721878835910802	-0.0118946454264901	-0.011250763179815148	-0.010341319498825066	-0.008575674501759329
-0.002604836417435835	-0.004853797614148303	-0.0072073539003304305	-0.009316561365284472	-0.010700799108634779	-0.011589825064473527	-0.011959203647467451	-0.012381171752330195	-0.011838940250459055	-0.01149077803122356	-0.011630090590281637	-0.011840205688727894	-0.01130649847872111	-0.010270522932429168	-0.008627461142535167
-0.00265734076694282	-0.004858384099561609	-0.007217553116262969	-0.009312799962982114	-0.010695556325784913	-0.01160564506204074	-0.011967580311707847	-0.012405186311486767	-0.01190133903017014	-0.0114981881160878	-0.011607225090794036	-0.011909900029003079	-0.01121883364504409	-0.010416290044809354	-0.008516032152354316
-0.00264178505099002	-0.004880198344888524	-0.007221516433561915	-0.009307493890210555	-0.010696471688061924	-0.0115775752405475	-0.011941005098036245	-0.012394696119980014	-0.011866982668610304	-0.011501243002685855	-0.01164402683296841	-0.011946398623840183	-0.011206385160369509	-0.010321367464224086	-0.008491979083680545
-0.002420329966395835	-0.004769892856347242	-0.0071798463159218895	-0.009277122315719241	-0.010659983139296225	-0.01155166966466282	-0.011926965330713071	-0.012335984909038762	-0.011828156909445102	-0.011438577176049394	-0.011570905865990489	-0.011727085806606462	-0.01118794334997783	-0.010187109916004048	-0.008564344910567031
-0.002913218105797665	-0.004955204277070384	-0.007224537695914179	-0.009319389375489684	-0.010706729399807454	-0.01160252430020195	-0.011966200606819603	-0.0124109404378472	-0.011904099369728258	-0.011548740223224635	-0.011685913423453586	-0.01193631537092527	-0.011293738477053816	-0.010300259788233006	-0.00853544542322367
-0.0025432447481983493	-0.004796818824390758	-0.007139057483587886	-0.009274746251226257	-0.010669440074591084	-0.011564922445119271	-0.011926140879971488	-0.012341649494705653	-0.011827939400861756	-0.01142808162965323	-0.011549095883477092	-0.011834987484964537	-0.01118376965939799	-0.01019966565271089	-0.008456754714790045
-0.002553251406758507	-0.004808872990537359	-0.007161961884233734	-0.009257655254829418	-0.010644695974952073	-0.011557930307289613	-0.011907529607151563	-0.012311822512140344	-0.011817410876009807	-0.011407894041519503	-0.01152771994266994	-0.011819952021247927	-0.011239164524799873	-0.0103209955216633	-0.008478882201573978
-0.002781584800776822	-0.004924400239839554	-0.007216281042758742	-0.009315246742388197	-0.010689251502458632	-0.011601949986967659	-0.011962700094742517	-0.012366307354848767	-0.011888542568560895	-0.011520880134037204	-0.011646947858018411	-0.011903976234298503	-0.01121649052121691	-0.010205489221475026	-0.00856596006803692
-0.0027028104721103	-0.004842021580918589	-0.007203353638753609	-0.009300572133064062	-0.010682589355892813	-0.011583953670947373	-0.011960196222285743	-0.012385094696630738	-0.011864514460147677	-0.011485897188759078	-0.011694384647739036	-0.01189048191497441	-0.011235474557128361	-0.010223451912850472	-0.008663218244811872
-0.002506527980443808	-0.004779226293335351	-0.00714095735551788	-0.009247152270029679	-0.010659872571085777	-0.011548249550542794	-0.011909973847277404	-0.012327592307882591	-0.011809133455591028	-0.011436556635391679	-0.01156391412812475	-0.011781251387069562	-0.011177166004393516	-0.010289843844574773	-0.008535237694040024
-0.0027605336773262375	-0.0048622360725198285	-0.007178210486982409	-0.009278222860382228	-0.010665961772035404	-0.0115705627126858	-0.01193452536087991	-0.012382548809395787	-0.011878214418865505	-0.011489747272339304	-0.011614309481467222	-0.011886846325056731	-0.01128628025103577	-0.010356193132155559	-0.008571992967267775
-0.0025613483068104483	-0.004812272915314418	-0.00717579339541301	-0.009261095447224236	-0.01065226667856855	-0.011569072553266979	-0.011929123317946435	-0.012341412841453967	-0.011849735394014217	-0.01146424323894181	-0.011591489441187902	-0.011857100508195736	-0.011290924202606543	-0.010382204820204723	-0.00876471270389284
-0.002405243151755631	-0.004692021081652464	-0.007110634970295626	-0.009233145642863873	-0.010611535898070531	-0.01151385060198512	-0.011865052980271166	-0.01230545958249094	-0.011785175397879316	-0.011409292949800273	-0.011527463989836936	-0.011794926218006296	-0.011172554693275437	-0.010321104549515821	-0.008647720430466767
-0.0025179171246919913	-0.004792114859187017	-0.00714353153247941	-0.00924636752441313	-0.010630465466903391	-0.011522954509042463	-0.011897809243579355	-0.012322409548825297	-0.011833309478887758	-0.011447752607145102	-0.011552167587414215	-0.011796721717878142	-0.01120290480864647	-0.010344634742687755	-0.008537514691522153
-0.002561367030034964	-0.004805325150297838	-0.0071461478809252445	-0.009244587799218195	-0.010626772603945957	-0.01151115851889179	-0.011892570673802338	-0.012319391321378327	-0.011822922894807514	-0.011420328450969039	-0.01158908836582978	-0.011785756189210017	-0.011259614710857157	-0.01023373002032151	-0.00861948256840739
-0.002593246242696544	-0.004822112463961823	-0.007138349545183542	-0.00924392283710068	-0.01063779715787031	-0.011548972229267757	-0.011911881517939904	-0.012330097346134947	-0.011854163330958692	-0.011468321154457726	-0.011623237243320837	-0.011832891144046252	-0.011225750404997481	-0.010316221208396306	-0.008530561333082316
-0.002707562155399525	-0.004853172219913483	-0.00719307346307542	-0.009280900810461998	-0.010658794134475957	-0.011550271383674959	-0.011936681646111566	-0.0123634726791626	-0.0118611056329642	-0.011499316586367719	-0.011649292418340217	-0.01189507073444003	-0.011169871805275094	-0.010254849993927085	-0.008525497126705384
-0.002724536812177794	-0.004857706328829556	-0.007189544255878313	-0.009272878170661863	-0.010661503646114583	-0.011559771418514572	-0.011923874078988721	-0.012354764593678796	-0.011864043880849917	-0.011494382441012174	-0.011668069698707482	-0.011820939663115038	-0.01127660888603274	-0.010285410775739565	-0.008541394109937293
-0.0025039548845189725	-0.004763395873617797	-0.007135346452671301	-0.009234395489341353	-0.010628197390959765	-0.011493762975110004	-0.011859013082872549	-0.012288697231561037	-0.01180510597504457	-0.011402540239469289	-0.011576584635609337	-0.011754049033392002	-0.011151498470571453	-0.010281596640069812	-0.008505639162153663
-0.002615425087118886	-0.004802799168022853	-0.007141114758937239	-0.009235526553600258	-0.010630049183994702	-0.011523125496809552	-0.011858063271720237	-0.012299528409837284	-0.011780665180020593	-0.011357095806665704	-0.011490589328738983	-0.011794412437024024	-0.011204426630581306	-0.010105302592611822	-0.008410112440369858
-0.002488867185929601	-0.004784684987428346	-0.007126781101259294	-0.009217672580742024	-0.010596151402950458	-0.011506750326187738	-0.011871826710929843	-0.012288431713305325	-0.011788133445587911	-0.011354236218503613	-0.011511285252164905	-0.011801306782765808	-0.011275703412585167	-0.010296625781172799	-0.008590187326039429
-0.0024785955604404056	-0.0047454976182937795	-0.007094946473271993	-0.009205818395675164	-0.010588397290264067	-0.01150369823140183	-0.011878693793470433	-0.01226323024772924	-0.011744210419537863	-0.011324836228322468	-0.011417637434864347	-0.011660041363464055	-0.011095867981783863	-0.010098990536010181	-0.008428796710105792
-0.0024935248576400853	-0.004777641271628276	-0.007095057170777921	-0.009206481702220165	-0.010592815921328326	-0.011482466046799108	-0.011839482514150556	-0.012284966760350326	-0.011736764333032591	-0.011349601925296791	-0.011456731126645562	-0.011710510203082433	-0.011214366466336839	-0.010207119264780433	-0.008460305921662683
-0.0026271011205593353	-0.00478006038133296	-0.007122224780284078	-0.009221137411243427	-0.010615678815686638	-0.011520759421275414	-0.011879460170897069	-0.012307095219702318	-0.011768504595011003	-0.011386404912709203	-0.011492658303009532	-0.01169112457114996	-0.011135204789154888	-0.010078036464259357	-0.008414129294785026
-0.0025315572045517642	-0.004793242947489494	-0.007146384050498178	-0.009220079300360997	-0.010604131278698954	-0.011493312859509079	-0.011865109916931035	-0.01228600793168351	-0.011801055081815824	-0.011474205738462093	-0.0115967888722589	-0.011796552567362025	-0.011286285134469639	-0.010288990199454508	-0.008631983271170771
-0.002464348772422437	-0.004757083992909343	-0.007107355316750931	-0.009196785273289954	-0.010598894696520653	-0.011514281046260766	-0.011880137817258876	-0.012292279484884094	-0.011802841528188486	-0.01139230040997225	-0.011481589054453187	-0.011731256266824275	-0.011211904357301829	-0.010229678854642975	-0.008511420867463588
-0.002368317874997368	-0.004653132612350968	-0.007041279224835724	-0.009177982090722417	-0.010566948209365849	-0.011495564972242724	-0.011844858119483015	-0.012223964233671399	-0.011685425465426435	-0.011222266682966943	-0.011355401787542296	-0.011590429750800853	-0.011000235231112786	-0.010018524627244911	-0.008354783594466593
