-0.03096949691175132	-0.03723814340597093	-0.04067358340410873	-0.04206630622631585	-0.04352712089880612	-0.04394408445541306	-0.044601358011747756	-0.044990498361285484	-0.04439959212891481	-0.04213870318744919	-0.03791645327483173	-0.03380465029441907	-0.02778324418921408	-0.02292198595285194	-0.01575262480814335
-0.026766615500917627	-0.03225760716111247	-0.03533062292246384	-0.03661687395158185	-0.037890867902449006	-0.03825248835432588	-0.03877462047192891	-0.03903161263411147	-0.038379104363963024	-0.03630014452711874	-0.032584242341254274	-0.029018095547023157	-0.023753558903038416	-0.019498742862743206	-0.01309608902123216
-0.02284601555002264	-0.02761662664309413	-0.030352250548458578	-0.031541887981874295	-0.032651455541140656	-0.03297108032290881	-0.033380313516875315	-0.03353495061855692	-0.032849658555695105	-0.030962819939981078	-0.02774020552622537	-0.024697071584197795	-0.020151992958282804	-0.016470117087883332	-0.010796727509794489
-0.019663991377206372	-0.023854920261624543	-0.02631785802254185	-0.02743197478838616	-0.028417185458191725	-0.028711571261290807	-0.029041031174586368	-0.0291314024442272	-0.028441455295916046	-0.02673049852423637	-0.023927142776555083	-0.021321288234682507	-0.017372155928229473	-0.01416165968460896	-0.00909203171475735
-0.016766821320977128	-0.020435391100555127	-0.02265178964677846	-0.023700519158283955	-0.024581717122870037	-0.02486202758939594	-0.02513052449951971	-0.0251808551501092	-0.024507955173702762	-0.0229765042820485	-0.020573509994279485	-0.01837858880657761	-0.01498380805964899	-0.012208603753993375	-0.00769947922382322
-0.014427314875690572	-0.01767926184988892	-0.019698669295267902	-0.020698021414621584	-0.021503425046087127	-0.021780240395021133	-0.02200956718717437	-0.02204345137080408	-0.021402352256944934	-0.020032288317571204	-0.017968690530139036	-0.01611684146379257	-0.013179763850185457	-0.010761173277863786	-0.006713081677670685
-0.012327543126624636	-0.015210946179753854	-0.01705615418069506	-0.018014942478459244	-0.018760220960423273	-0.01904143025319817	-0.019244947625759956	-0.019278794230565253	-0.018682650173498454	-0.0174724158871236	-0.01572843595599009	-0.01419517332678938	-0.011678158107210639	-0.009584211506255758	-0.005956754544111879
-0.010630493032915404	-0.013221011298989971	-0.01492820687758764	-0.015857849181464902	-0.01656131454328332	-0.01685248459048182	-0.017042840795054328	-0.017088745871722533	-0.016542122032234097	-0.015473123900290485	-0.013999853898699337	-0.01273307962534743	-0.010563109430325538	-0.008735142317778697	-0.005452348899836253
-0.009242817276040457	-0.011598175221442636	-0.013195233920271698	-0.014104348542229353	-0.014779109220249172	-0.015083564691605713	-0.015269108567886696	-0.015334182670050609	-0.014837944608354017	-0.013893505790157343	-0.01265120711786522	-0.011609495079567149	-0.009729064211366198	-0.008121219961421658	-0.005123049516579229
-0.0079926260982091	-0.010140408561287183	-0.011641200462357457	-0.01253521686346282	-0.013189166972894056	-0.013510279709557312	-0.013696692751519251	-0.013787145339404939	-0.01334465036462408	-0.012520109123100262	-0.011494342332455052	-0.01066185392722233	-0.00904724214579865	-0.0076398604135226155	-0.004899694052680367
-0.00696774634509103	-0.0089491917312137	-0.0103739290137616	-0.011258703264793208	-0.011899796426001525	-0.012238427533570219	-0.012429646585550961	-0.012547249289840091	-0.012155097390105913	-0.011434649401852832	-0.010593064592557098	-0.009937357941329954	-0.008544496704435288	-0.0073029979112953875	-0.004774786912978511
-0.006049884964010914	-0.00788603621252596	-0.009245603118460973	-0.010125198844997522	-0.01075853711974809	-0.01111627590844042	-0.011315233617449445	-0.011462442974115248	-0.011120367680288845	-0.010497775281480827	-0.009826772321199152	-0.009333990842699626	-0.008142876319350172	-0.007051094961813961	-0.004712283466392945
-0.005296239818727101	-0.007016313741434595	-0.008325101668448956	-0.009203232505240161	-0.009833289045879311	-0.010209492279830855	-0.010417434935427801	-0.010592978773670774	-0.010295593080427965	-0.009756686739796355	-0.009230089795233716	-0.008874774386296282	-0.007851665203229954	-0.006883574446670949	-0.00469924534241101
-0.004625821608255522	-0.006245665511152272	-0.007511975540678784	-0.00839148118351531	-0.009021343023643977	-0.009416395070627238	-0.009634486127781514	-0.009838506113489158	-0.009583563393881146	-0.009121636490792912	-0.008727084909973586	-0.00849723498525122	-0.007625448657037758	-0.006767891046678631	-0.004719465710423634
-0.004076109651641409	-0.005616399944588729	-0.006850310974955349	-0.007733312030136519	-0.008365252416147634	-0.008777729343919825	-0.009005782665681914	-0.009235618917650252	-0.00901732473560146	-0.008620279969583894	-0.008336752819232875	-0.008212330526559815	-0.007465997878377167	-0.006699353992971537	-0.0047606440738087825
-0.0035915671959097745	-0.005064178657670177	-0.006271861145470618	-0.007160176050376234	-0.0077959281061573465	-0.008225488947208067	-0.008463668196548566	-0.008718261609088142	-0.008533607971520024	-0.008195049317677432	-0.008011661044898897	-0.007982374705508367	-0.00734770763942657	-0.006661341098497814	-0.0048174310603916436
-0.003196263391145655	-0.004615775215624588	-0.005804124536752637	-0.006698729547941641	-0.007339236145895828	-0.00778415527076676	-0.00803163612865733	-0.008307960289289904	-0.008151648587948325	-0.007861692133976679	-0.007761777704170995	-0.007811904019246405	-0.007269143128128584	-0.006648309514406269	-0.004879874957184274
-0.0028519503197180916	-0.004227162995799616	-0.005400613489469875	-0.006302517269966815	-0.0069486331333275505	-0.007408188012998655	-0.0076646412840445065	-0.007961163134235085	-0.007830176402614849	-0.007583201857543119	-0.007557494101870572	-0.007678367061048271	-0.007216304757556174	-0.006652528402239577	-0.004947958055886721
-0.0025733878181467104	-0.003914446904762033	-0.005077543515306682	-0.005986935690094799	-0.006638826345612473	-0.007111276061095813	-0.007375683092643232	-0.007689550036970065	-0.007579482658025871	-0.007367733438837444	-0.007403268046506164	-0.007582688606930267	-0.007186412067552139	-0.006668739293636795	-0.00501411683562744
-0.002334175600084161	-0.0036474521826180355	-0.004803232131352336	-0.005720514331295857	-0.0063784765334449125	-0.006862943279878167	-0.007134778477259944	-0.007464398143727996	-0.007372607071593507	-0.007191446599189396	-0.007280617415511128	-0.007511481639512771	-0.007172111918388536	-0.0066939507198523025	-0.005080574279449491
-0.00214274108785513	-0.003435117316456369	-0.0045864088393564924	-0.0055112677125230955	-0.0061750346107724355	-0.006669917849292117	-0.006948189192509021	-0.007291116216317407	-0.007214169760269514	-0.007057735794693155	-0.007190693650579439	-0.0074637106993960586	-0.007170213087547577	-0.006723587513829128	-0.005141758615690171
-0.0019809218575470907	-0.003256844892887067	-0.004405592960140672	-0.005338008693372096	-0.006007534957502354	-0.006511942334136957	-0.006796086428269208	-0.007150875578145425	-0.007086644000757668	-0.006951307323566376	-0.0071220405975126215	-0.007431571321672955	-0.007177134440414078	-0.006757078868851136	-0.005200560825743358
-0.0018530525764259996	-0.0031170157882791805	-0.004264830535892193	-0.005204207982293764	-0.005879011962199823	-0.006391557105439971	-0.006680703887090598	-0.007045378498064757	-0.006991318594972972	-0.006872804329720721	-0.007074027894822708	-0.007413160339207698	-0.007189824287836922	-0.006790683731147202	-0.005252987328256724
-0.0017467632927069458	-0.003001724619455364	-0.004149736838430611	-0.005095795448174503	-0.005775639013384804	-0.006295497330077643	-0.006589123752761187	-0.006962468722509732	-0.006916964741386002	-0.0068125601791974915	-0.007039697458368337	-0.007404106365010097	-0.007206828687308477	-0.006824997140486502	-0.0053018730540128015
-0.0016643359561598482	-0.0029131109037760657	-0.004062100554245708	-0.005014097320942879	-0.0056983993506036865	-0.006224391439568446	-0.006521760564677916	-0.006902207957702103	-0.00686341821247343	-0.0067700569954827145	-0.007017767109499325	-0.007402342306755374	-0.007225444215421145	-0.0068569693485172846	-0.005344233650248062
-0.0015962653714742038	-0.0028406499246259732	-0.003991192784606999	-0.004948778162170381	-0.005637258708541846	-0.006168733330366134	-0.00646943454990801	-0.00685608681920016	-0.006822909763207352	-0.006738756716680628	-0.007003884788563452	-0.0074056225869775245	-0.007245707527931247	-0.006888201703763819	-0.0053832169691528054
-0.0015443044399132476	-0.0027859432817037852	-0.0039383009963333	-0.004900729747592064	-0.005592818034437971	-0.006128828764202004	-0.0064322759804364945	-0.006823949406081741	-0.006795112059154656	-0.006718060674192411	-0.006996844249483529	-0.007412110977248996	-0.007265287770094843	-0.0069161028129288895	-0.005416335119142406
-0.001502609797988193	-0.002742578476164289	-0.0038969464832975796	-0.004863769928854752	-0.005559120874219896	-0.006099080186939468	-0.006404908564060606	-0.006800860877387609	-0.006775553449532814	-0.006704263641149365	-0.006994320507673383	-0.007420819446089927	-0.007284613596607565	-0.006942059188554901	-0.005445861175861481
-0.0014710834291870012	-0.0027102358741042084	-0.003866588189537588	-0.004837160463256582	-0.005535286342745342	-0.006078489778174124	-0.006386267251485588	-0.006785663821591689	-0.006763064833173374	-0.006696183835641399	-0.006995028919142099	-0.007430335855301352	-0.007302251754093082	-0.006964671905788289	-0.005470655972935243
-0.001445235498501482	-0.0026841337618520125	-0.0038425444761897936	-0.004816586146147754	-0.005517273243856065	-0.006063376614354196	-0.006372890102990933	-0.006775304437733756	-0.006754962342962166	-0.006691744417265078	-0.006998040097977369	-0.007440861190526637	-0.007319522887503477	-0.006985985289934002	-0.0054932776781351535
-0.0014262756732224423	-0.002665336837382914	-0.0038256206499737906	-0.004802540337929756	-0.005505346902753797	-0.0060537795035794165	-0.006364682458835509	-0.006769473444321182	-0.0067508172097816505	-0.006690326773000355	-0.007002293928125319	-0.007450873011785715	-0.007334555930692738	-0.007003952774465651	-0.005511800067687894
-0.0014123889083502536	-0.0026518499796071688	-0.0038137974678814457	-0.0047930927093137905	-0.005497645010304963	-0.00604794590744638	-0.006359959748721837	-0.0067666223965530325	-0.006749225283014614	-0.006690765069470941	-0.007007051880388125	-0.007460046052582778	-0.007347465334589053	-0.007018986848747049	-0.005526915407406197
-0.0014064575751030679	-0.0026461922975394288	-0.003808957314725856	-0.004789365288140875	-0.005494734101310156	-0.006045892468268422	-0.006358414945109961	-0.006765924998016749	-0.006749074591909472	-0.0066914934397542215	-0.007009685987200769	-0.007464638413678954	-0.007353675070960708	-0.007026095054732762	-0.005533939134885681
-0.0013979033924651353	-0.0026381865061658673	-0.0038022904200705875	-0.004784449794841483	-0.00549110212042115	-0.00604358604220597	-0.006356893121041303	-0.0067656970138799555	-0.006749648378328207	-0.006693352803583539	-0.007014384565255025	-0.007472269524324219	-0.007363670889482276	-0.00703737315786771	-0.005544917228051727
-0.0013911914157960536	-0.002632086564312212	-0.0037974300183952546	-0.004781136951165079	-0.00548892161362337	-0.006042550731054378	-0.006356533786633834	-0.006766437652834537	-0.006751033845575248	-0.006695768017900582	-0.007019134836520547	-0.007479448856580112	-0.007372743647786599	-0.007047436100339862	-0.005554534121680662
-0.0013869545727591603	-0.0026283624703838174	-0.0037946198148834736	-0.004779424183818644	-0.0054880107260164126	-0.006042435839113961	-0.006356887566183777	-0.006767544734717475	-0.006752558900061563	-0.006697957708710652	-0.007022873120829555	-0.007484809529415041	-0.007379325931383828	-0.0070546323282569805	-0.00556130226938869
-0.001383721043569017	-0.002625622140416473	-0.003792682892099939	-0.004778421975788703	-0.0054876907055607105	-0.006042782232301717	-0.0063576254688890305	-0.006768905065809367	-0.006754247034562018	-0.006700164871765576	-0.007026322294513303	-0.007489568684210698	-0.007385038694964245	-0.007060804707373682	-0.005567029862304561
-0.001381358947622283	-0.0026237059453435205	-0.0037914426171829054	-0.0047779461677963115	-0.00548777223402968	-0.006043400091399111	-0.006358557751816982	-0.006770331964985908	-0.006755920797702943	-0.006702227687815631	-0.007029342939927303	-0.007493606603428594	-0.007389791113860682	-0.007065885359912354	-0.005571686359133832
-0.0013795987358140257	-0.002622351801900978	-0.0037906688909798516	-0.004777812488406309	-0.00548810472166993	-0.006044174920157275	-0.006359591383864923	-0.006771768593949128	-0.006757547767293476	-0.00670415310944778	-0.007032025682469046	-0.007497099403268853	-0.007393831767810992	-0.007070164133065707	-0.0055755635295014865
-0.0013783068243783403	-0.0026214223835644575	-0.0037902324983934274	-0.00477790733558009	-0.005488586129920384	-0.00604501826309301	-0.0063606460763474	-0.006773149129419936	-0.006759073576829716	-0.006705905422953625	-0.007034371881966717	-0.007500085566815942	-0.0073972334966719965	-0.007073734971504727	-0.0055787648976363515
-0.0013773787663854634	-0.0026208106608811552	-0.003790033109720534	-0.004778142915162691	-0.0054891379429076155	-0.006045862423620761	-0.006361660632388582	-0.0067744238452573675	-0.006760457487887489	-0.0067074585140989105	-0.007036384614444735	-0.007502597438519131	-0.007400055579788078	-0.0070766736259287675	-0.005581373305850019
-0.0013767271159774912	-0.0026204293037327426	-0.00378999137272837	-0.004778452542528948	-0.005489702813705213	-0.006046660430390038	-0.006362594278672532	-0.006775562634193234	-0.006761677114977887	-0.006708802504661743	-0.007038079785224642	-0.007504677033188475	-0.007402363058537307	-0.007079058728042131	-0.005583470682901513
-0.0013762806897306748	-0.002620209295556211	-0.003790046920323325	-0.004778788139125526	-0.005490241693132339	-0.006047382878891288	-0.0063634233442019265	-0.006776551474372205	-0.006762724901224278	-0.0067099402587575425	-0.007039482470427943	-0.007506372141319271	-0.007404222900726785	-0.0070809681266241625	-0.005585135159104546
-0.0013759830806969785	-0.002620097817886234	-0.0037901557340329233	-0.004779117208964885	-0.005490730529787489	-0.0060480144426059215	-0.006364137667111622	-0.006777388722887272	-0.006763604488492637	-0.006710883892455834	-0.007040623491969495	-0.00750773290278759	-0.007405700833639252	-0.00708247600694148	-0.005586438973673506
-0.0013757907490509985	-0.0026200557751730794	-0.0037902872520128765	-0.004779419681166892	-0.005491156924832334	-0.00604855042564427	-0.006364737093939022	-0.006778081582859213	-0.006764327303923811	-0.006711651567667745	-0.0070415364389232555	-0.007508808997811391	-0.007406858919027184	-0.007083650812373528	-0.005587447127108065
-0.0013756679571058322	-0.002620055695300201	-0.0037904258083733887	-0.004779692904911747	-0.005491527706633992	-0.006049006649480166	-0.006365242707679902	-0.006778659329221366	-0.006764926488785979	-0.006712282487604897	-0.0070422759029188	-0.007509671479563006	-0.007407779337599563	-0.007084579556325205	-0.005588238454552608
-0.0013755980324531812	-0.002620078001962123	-0.0037905503052918185	-0.0047799154069921215	-0.0054918211661008	-0.006049361691094966	-0.006365633295617119	-0.006779101418231089	-0.006765382718611764	-0.006712759374075287	-0.007042827794522102	-0.0075103091748623145	-0.00740845469514028	-0.0070852576925760245	-0.005588812429880619
-0.0013755582827059193	-0.002620110771768096	-0.003790662056606152	-0.004780102030610637	-0.005492061969556981	-0.006049649119833758	-0.00636594760085223	-0.006779454369354291	-0.006765745445179191	-0.006713136166442675	-0.007043259082995136	-0.007510803395665353	-0.007408974522615964	-0.007085777336076247	-0.005589249576196207
-0.001375538573896262	-0.00262014563261377	-0.0037907554328888452	-0.0047802502819225675	-0.005492249910107879	-0.006049870942374173	-0.0063661889288352804	-0.006779723539571081	-0.00676602107151174	-0.006713420919386775	-0.0070435818431166955	-0.007511170474591116	-0.007409358186446496	-0.007086159274719874	-0.005589569036875279
-0.0013755306852890703	-0.002620177794423202	-0.003790829950130043	-0.004780364129345403	-0.005492392190492904	-0.006050037314577997	-0.006366369153474474	-0.006779923400436661	-0.006766225090760862	-0.00671363069734644	-0.007043817581855668	-0.007511436782899324	-0.007409634937061416	-0.00708643373634545	-0.005589797385875332
-0.0013755291666834016	-0.002620205997604053	-0.003790889196091551	-0.00478045194000824	-0.0054925006425072635	-0.006050163134246971	-0.006366504947766376	-0.006780073240800425	-0.0067663776347423	-0.006713786895464488	-0.007043991770734268	-0.00751163236726151	-0.007409837130285992	-0.007086633556570403	-0.0055899628153678015
-0.001375530833810786	-0.002620228682108226	-0.0037909335858026315	-0.004780516135272472	-0.005492579143845199	-0.006050253593772091	-0.006366602267642824	-0.006780180160537506	-0.006766486224579387	-0.006713897677653835	-0.007044114468811577	-0.007511769379031667	-0.007409978094416578	-0.007086772416356974	-0.00559007724863938
-0.0013755336801645694	-0.002620246175249539	-0.0037909660537064085	-0.004780562163555467	-0.005492634963534799	-0.006050317548410463	-0.006366670884528404	-0.006780255263033001	-0.006766562342389183	-0.006713975082607981	-0.007044199682444576	-0.007511864066324926	-0.007410075092950878	-0.007086867686396908	-0.005590155429999502
-0.0013755367294245827	-0.002620259489469849	-0.003790989767995344	-0.004780595229995863	-0.005492674780487126	-0.006050362942303952	-0.006366719471606903	-0.006780308267481324	-0.006766615965412664	-0.006714029457050704	-0.007044259219391374	-0.007511929928880292	-0.007410142297933566	-0.007086933515994985	-0.005590209241902134
-0.0013755398450422938	-0.0026202704769243868	-0.003791008661056343	-0.004780621183280059	-0.0054927058282135035	-0.0060503981751634395	-0.006366757098458602	-0.006780349187534333	-0.0067666572912836315	-0.006714071248108203	-0.007044304740825624	-0.007511980069855997	-0.007410193263916359	-0.007086983306357875	-0.00559024978581894
-0.0013755421549890188	-0.0026202775049140245	-0.0037910203875607318	-0.004780637077826581	-0.005492724729294997	-0.00605041953246111	-0.006366779859437943	-0.006780373868608094	-0.0067666821765562934	-0.006714096348959721	-0.007044331947356204	-0.0075120099134104714	-0.007410223485525596	-0.007087012754516195	-0.005590273674685944
-0.0013755448050420647	-0.002620284613341056	-0.0037910318939241637	-0.004780652455738257	-0.005492742898802618	-0.006050439967919934	-0.006366801588411227	-0.006780397355296081	-0.006766705814998657	-0.006714120124358418	-0.007044357575141126	-0.007512037894011891	-0.007410251700468244	-0.007087040165906535	-0.005590295814420054
-0.001375545931993809	-0.0026202873180493024	-0.0037910361380060304	-0.0047806580427474194	-0.005492749453694862	-0.006050447302404367	-0.006366809367329841	-0.006780405733292692	-0.0067667142300192	-0.006714128560822965	-0.007044366611520301	-0.007512047706724713	-0.007410261546359672	-0.007087049698015711	-0.005590303473542013
-0.0013755463530343733	-0.0026202882631002696	-0.003791037590118495	-0.0047806599341641874	-0.005492751661618792	-0.006050449763737825	-0.006366811972977174	-0.0067804085322342505	-0.0067667170371341215	-0.006714131368380024	-0.007044369604574516	-0.007512050943701854	-0.007410264782057913	-0.007087052822227868	-0.005590305973856093
-0.001375546515321961	-0.002620288612018481	-0.003791038118522869	-0.0047806606172597485	-0.005492752456135544	-0.00605045064705487	-0.006366812906824237	-0.006780409533428255	-0.006766718040151706	-0.006714132369793338	-0.007044370668428122	-0.007512052090760481	-0.007410265925417534	-0.007087053923963027	-0.005590306852900974
-0.001375546587433761	-0.002620288761938083	-0.0037910383428715797	-0.004780660905461032	-0.005492752790317793	-0.006050451017733748	-0.0063668132982558304	-0.00678040995239695	-0.006766718459487973	-0.00671413278782457	-0.007044371111181771	-0.007512052566877607	-0.007410266398821215	-0.007087054379320589	-0.0055903072152424516
-0.0013755466026765084	-0.0026202887927213488	-0.00379103838844507	-0.004780660963667161	-0.00549275285761876	-0.006050451092225159	-0.006366813376833011	-0.006780410036372178	-0.006766718543462546	-0.006714132871418488	-0.0070443711994665	-0.00751205266157602	-0.007410266492756741	-0.007087054469521142	-0.005590307286831987
-0.001375546606138055	-0.0026202887995765284	-0.003791038398518093	-0.004780660976479723	-0.005492752872403317	-0.006050451108564245	-0.006366813394054956	-0.006780410054756779	-0.00676671856183528	-0.006714132889689103	-0.00704437121872237	-0.007512052682192897	-0.007410266513172055	-0.007087054489100162	-0.005590307302341642
-0.001375546606548229	-0.002620288800376673	-0.003791038399686894	-0.004780660977961551	-0.005492752874110439	-0.006050451110448539	-0.006366813396039828	-0.006780410056873749	-0.006766718563949794	-0.006714132891790111	-0.007044371220932949	-0.007512052684556182	-0.007410266515508916	-0.007087054491338994	-0.005590307304112368
-0.0013755466065960456	-0.0026202888004691126	-0.0037910383998214377	-0.0047806609781317864	-0.00549275287430636	-0.00605045111066463	-0.006366813396267365	-0.006780410057116296	-0.006766718564191981	-0.006714132892030627	-0.007044371221185742	-0.007512052684826186	-0.007410266515775666	-0.007087054491594389	-0.005590307304314164
-0.0013755466066018647	-0.002620288800480298	-0.003791038399837681	-0.0047806609781523126	-0.005492752874329969	-0.006050451110690656	-0.006366813396294763	-0.0067804100571454895	-0.006766718564221126	-0.006714132892059561	-0.007044371221216134	-0.007512052684858627	-0.0074102665158076965	-0.007087054491625044	-0.0055903073043383706
-0.001375546606602253	-0.0026202888004810414	-0.003791038399838759	-0.0047806609781536735	-0.005492752874331533	-0.00605045111069238	-0.006366813396296578	-0.006780410057147423	-0.006766718564223056	-0.006714132892061476	-0.007044371221218144	-0.007512052684860772	-0.0074102665158098146	-0.00708705449162707	-0.00559030730433997
