0.00018001289299806822	7.114651408559763e-05	4.600470229863329e-05	3.9690411369291334e-05	3.906159656143935e-05	5.205357367786324e-05	5.7226424636655446e-05	6.688333677936845e-05	8.917288044390328e-05	0.00012876238686085898	0.00016545919172626978	0.0002685580213393935	0.0003340549823125325	0.0004684819327504566	0.00045419485990668383
0.0001824372623799347	7.126936456919489e-05	4.502805815739959e-05	3.867040657616323e-05	3.797595869772206e-05	5.213300474751186e-05	5.638675049333186e-05	6.677496157035476e-05	9.011430671053934e-05	0.0001265304435032772	0.00016914159012177692	0.00027063500724747836	0.00033498643691613186	0.0004545314437041365	0.00045246555330529534
0.00018554526776967366	7.309906039802415e-05	4.498839526049885e-05	3.720319721093199e-05	3.6067171116654285e-05	5.143287272530258e-05	5.5745836213470635e-05	6.482523631134144e-05	8.859364060572764e-05	0.00012297686449657714	0.00016437967588031347	0.0002678791883256021	0.0003288750651115996	0.00045377294507028035	0.0004499009425359316
0.00018596557936104646	7.378983309048383e-05	4.569838787636588e-05	3.664746278440929e-05	3.510528192084295e-05	5.067093631636483e-05	5.6588231917311447e-05	6.486852646096304e-05	8.898154182302795e-05	0.0001290977006094369	0.000170752858956038	0.00027687597226722343	0.0003382549287983624	0.0004560578450998862	0.00045325587712241974
0.00018804028361856756	7.491470215636271e-05	4.583873372376864e-05	3.722399393297159e-05	3.334362933330525e-05	4.909663337219704e-05	5.7669262402326796e-05	6.272341544823578e-05	8.997124160688159e-05	0.0001253911278059332	0.00016581117607997065	0.0002701569575595586	0.0003351609642574938	0.0004609969584972865	0.00045329126239288984
0.00019058643202459884	7.581339330524791e-05	4.5974365438920326e-05	3.6627173874475324e-05	3.271139773423598e-05	4.819724802801602e-05	5.9331557038714104e-05	6.087703352728943e-05	8.649475220045939e-05	0.00012290799737998777	0.00016609110747948106	0.000280977223739264	0.00034679721734732594	0.0004929953519043796	0.00047830758376390367
0.00019057524427750432	7.657285127946174e-05	4.55445267422275e-05	3.5346868268988924e-05	3.191251767992441e-05	4.6918942198579025e-05	6.078395432362687e-05	5.87468403194544e-05	8.398209297520068e-05	0.00012103878736772275	0.00016358814501502993	0.00028047077080998464	0.0003462002275106207	0.0004642680246768513	0.0004544034440229636
0.0001928989586266614	7.738920501448454e-05	4.621681086600429e-05	3.5013847696293746e-05	3.126266460392704e-05	4.6865082951262896e-05	6.130238209508382e-05	5.733278599235521e-05	8.11874657072203e-05	0.00011718415287049218	0.00016897495572277055	0.000285342572374027	0.00036557761777336313	0.0004912382643501193	0.0004994239014157039
0.00019253002814378114	7.724705704993056e-05	4.675390152719359e-05	3.486981328607234e-05	3.069914947834957e-05	4.6626053217404764e-05	6.163240410429854e-05	5.677751525995992e-05	8.187429431828685e-05	0.00011751285604220374	0.0001659364930329833	0.00028103550798362593	0.0003445890939531166	0.0004754294313289501	0.00046773556879642624
0.0001903833698432956	7.792841454525633e-05	4.6304490976554425e-05	3.4732195628470846e-05	3.0457608757545675e-05	4.6118748506810543e-05	6.059770887909702e-05	5.2680161154598527e-05	7.715119561571756e-05	0.00011346333998896105	0.0001571427822295885	0.0002652636802836952	0.0003260578832045301	0.0004483579993878468	0.0004473537045223958
0.0001949561983522853	7.731393026806891e-05	4.6029941654906315e-05	3.396177637524006e-05	2.977122977324971e-05	4.5593854008244224e-05	6.085084315048077e-05	5.421693517587315e-05	7.930422465071375e-05	0.00011545179097661888	0.00015934463954140888	0.0002699409445773075	0.00034212360900034224	0.0004744011823146745	0.0005019693473978147
0.00019542723367137627	7.696800361500475e-05	4.61248774779231e-05	3.3447144581435806e-05	2.9437333186706987e-05	4.56172139668445e-05	6.056120616858369e-05	5.1492611003990364e-05	7.584603061913957e-05	0.00011150612736174094	0.00016578151844683737	0.00028034424199208975	0.00035342647438678837	0.00047804550452606597	0.0004671310435199897
0.000194941096251682	7.629308875873849e-05	4.475172637284348e-05	3.307286444693445e-05	2.9269017452454894e-05	4.570653119142749e-05	5.9373309667580046e-05	5.033161330848186e-05	7.671718509146688e-05	0.00011740333955484914	0.00016205789199416336	0.00028098755649963805	0.00034621612143252814	0.00046369433913525017	0.00045354244946010236
0.00019327888042267383	7.460582252986432e-05	4.351520183878159e-05	3.2568560326554e-05	2.8427869572050733e-05	4.506402470110806e-05	5.98434009613232e-05	4.960825256144646e-05	7.675315488884627e-05	0.00011180430435731985	0.00015754834974442792	0.000280627382764604	0.0003464510846599916	0.0004764909083561846	0.00046855082328369483
0.00019503564718990692	7.370105450900474e-05	4.376068269096015e-05	3.134709594964287e-05	2.843511748227805e-05	4.537091642151403e-05	5.9771333354671816e-05	4.97714402065927e-05	7.330084238838903e-05	0.00011052760048428515	0.00016282366552404574	0.0002813790109003039	0.0003598332756607688	0.0004882944425089882	0.0005023831086497531
0.0001932912836416454	7.248225713663919e-05	4.225987154395262e-05	3.0936312950156684e-05	2.7731642466446555e-05	4.505504801380019e-05	5.9520661564552014e-05	4.932653217774496e-05	7.361297141989389e-05	0.0001076571020175356	0.00016255642026388216	0.0002806036030175588	0.0003454728275961578	0.0004886877824048788	0.00048039796472835317
0.0001897287993837842	7.100606344779139e-05	4.1606393128428405e-05	3.0359474523959743e-05	2.7399230845733554e-05	4.502071525704291e-05	6.0885756025120096e-05	5.044786016992913e-05	7.33260785780231e-05	0.00010848819892934538	0.00015255712607479806	0.00026603261143383035	0.00033756500882090707	0.0004528210867944562	0.0004431040718060719
0.00019116655192715333	7.128181341202981e-05	4.089852995310591e-05	2.9753079196471085e-05	2.701120628692131e-05	4.4724175786954235e-05	6.035858196472405e-05	4.9602010466617926e-05	7.621506435470322e-05	0.00011284341627735623	0.00016190422864405742	0.0002848329154279965	0.0003583601776174784	0.0004890926140653952	0.0004771234170584402
0.0001909238343430554	7.148170208674531e-05	4.1435419380984955e-05	3.0150063119933228e-05	2.7052597589367572e-05	4.535661512244661e-05	6.1167748356181e-05	5.067826852330602e-05	7.402550192312604e-05	0.00010964961620292557	0.00015766887942442987	0.0002705444657302854	0.0003332294685921398	0.00045010849563175456	0.00044621516486233583
0.00019486554953271725	7.162315763360149e-05	4.156656245762739e-05	3.007402465160676e-05	2.738083332747833e-05	4.481419943053484e-05	6.0221285595896445e-05	5.2456782129159575e-05	8.116725039077714e-05	0.0001203373129718773	0.00016854328987123525	0.0002878769377315057	0.0003576233845026872	0.0004731224564002202	0.00047437995397796534
0.00019015469212610247	7.125197596281531e-05	4.218721205595955e-05	3.0142866541219528e-05	2.7734303047657866e-05	4.587113010397034e-05	5.9886690287875893e-05	4.907085394072789e-05	7.33310889364913e-05	0.0001080511586957033	0.0001534371526183012	0.00026450743317158436	0.00033072114633485105	0.000439327109372083	0.0004335582705676628
0.000191786853507975	7.246023348525573e-05	4.276528677570076e-05	3.086998013771019e-05	2.834949234710671e-05	4.53786681690871e-05	6.0164330314084125e-05	5.1139666865286685e-05	7.604581634541757e-05	0.00011246197101242164	0.0001577582066630115	0.0002794326025379433	0.000344133547919604	0.00046972839007241733	0.0004511589250783144
0.00019373632103992147	7.302928920778281e-05	4.277519727403059e-05	3.129839029404375e-05	2.8801626198886846e-05	4.6349189490366384e-05	6.111965074994945e-05	5.0828740148427866e-05	7.4989024066915e-05	0.00010793326035981968	0.00015409731789552827	0.0002803836965543018	0.00036700686179229103	0.0004912333023146465	0.0004785549843375273
0.00019276250722119584	7.210636800939493e-05	4.3290469738969084e-05	3.166111106488109e-05	2.994470585818004e-05	4.655814174821769e-05	6.219513323886301e-05	5.098019168750709e-05	7.627627223343005e-05	0.00011139760160277446	0.0001629881215975631	0.0002818446622332297	0.00035096395656341304	0.00046536578929723464	0.00045891186847926094
0.00019478318966547245	7.285178977182663e-05	4.3227227643056435e-05	3.1907449159737274e-05	3.014589372341536e-05	4.6562957741921725e-05	6.170712484288192e-05	5.399716742222278e-05	7.768776747782804e-05	0.00011946380669384548	0.0001683765914659832	0.0002997478067035261	0.0003667241421776959	0.00048619334843908195	0.0004945128416491581
0.0001910741927609641	7.224850723761975e-05	4.255409740852794e-05	3.124280097309983e-05	2.9591727353759533e-05	4.5915049352400594e-05	5.993696801443672e-05	5.0620140209597845e-05	7.39321782183564e-05	0.00010785608393067459	0.00015523641366493003	0.0002713517525841529	0.00033799987164701315	0.00045311747126681215	0.0004458719485907043
0.00019183126187942017	7.170515087574655e-05	4.210753220369622e-05	3.116674985370961e-05	2.9112249976744533e-05	4.6382730493201265e-05	5.930719338334796e-05	5.097271929295726e-05	7.542460432158321e-05	0.00011515132785520992	0.0001627053047399931	0.0002781154350215404	0.00034523384189633516	0.00046300114456211943	0.00045430672933174
0.0001924478960228553	7.164419889576579e-05	4.178199211926415e-05	3.0965089020898664e-05	2.8562768761522836e-05	4.622802857126364e-05	6.077152378459956e-05	5.125660019041358e-05	7.351530629134274e-05	0.0001092141037887074	0.0001530158314468519	0.0002727156537611761	0.00033629413051054855	0.00045075474030887246	0.0004418618976852498
0.00019505778272044082	7.105634675732892e-05	4.124935124306324e-05	3.053603325240333e-05	2.8241468576793333e-05	4.5803688287496905e-05	6.027529668568911e-05	5.074212213387561e-05	7.5191207206404e-05	0.00011289172896135413	0.00017029901672426827	0.00028978359220810113	0.00035947624598994566	0.0004984680086320694	0.00048343940429608354
0.00016578391870225706	6.146241405518233e-05	3.603493780807839e-05	2.6335005047556097e-05	2.3832880169492653e-05	3.8826631432981325e-05	5.281208245347629e-05	4.405283552054569e-05	6.446462104298696e-05	9.367811286687208e-05	0.00013605936854728032	0.0002332349233550532	0.00029351293462725195	0.00039527742926606966	0.0003912954462781627
0.00015522868704110883	5.7586439059195936e-05	3.3749638070093417e-05	2.454802940571619e-05	2.213251619007507e-05	3.683167568583699e-05	5.0429666313994846e-05	4.186625902997093e-05	6.264232703004568e-05	9.167138853058409e-05	0.00013062960580035202	0.00022659469097056526	0.0002812085734904961	0.00037708383458509034	0.00037284398570887307
0.00015597839591023277	5.8177957615229866e-05	3.385950472358508e-05	2.4212144684939998e-05	2.2073530441477123e-05	3.665675872722653e-05	4.983738381951985e-05	4.121961730718011e-05	6.208365679406516e-05	9.355711924193067e-05	0.00013208444868491103	0.00022783781896465433	0.0002834197643106475	0.00037970764463599347	0.00036882814589341505
0.0001541380743768067	5.748819805984813e-05	3.375626437056686e-05	2.4458125465824177e-05	2.203758894478798e-05	3.655644502780695e-05	4.9506343648146015e-05	4.177448538835415e-05	6.018353762144963e-05	8.889179074599878e-05	0.00012526408978745453	0.00021580603860472337	0.0002745611867791002	0.00037246743776711257	0.00036108259020305075
0.00014156723361013132	5.2899869550205016e-05	3.08893348454766e-05	2.2354618727409087e-05	2.0237960058279684e-05	3.33738084028106e-05	4.615525512453817e-05	3.956099896384488e-05	5.769072650066738e-05	8.809336256330906e-05	0.00012415950482651231	0.00021190652593040756	0.0002619512257224443	0.0003503011668724735	0.0003403430432793846
0.00013582178058726944	5.069608083620268e-05	2.979167423883187e-05	2.167113551835714e-05	1.9564202366388428e-05	3.2448059188408676e-05	4.5222726853157694e-05	3.799859115556162e-05	5.5297082021318925e-05	8.04942611719062e-05	0.00011342094221886358	0.00019436816966089882	0.00024013975902205766	0.0003265367060295479	0.00031798851366272727
0.00013085844460940143	4.936724658656031e-05	2.8849406742168613e-05	2.0929637590840522e-05	1.8797611256611675e-05	3.085689651738085e-05	4.303715726803324e-05	3.729003708168613e-05	5.380222300975213e-05	7.814740956306309e-05	0.0001127385093197824	0.00019278177352459813	0.00023916195076641161	0.0003318424246836104	0.00032326722628948587
0.00012253094326390482	4.6282684769316786e-05	2.715980174715954e-05	1.9864516762028176e-05	1.7814977178011816e-05	2.9257239272142208e-05	4.14048813163162e-05	3.504921206684717e-05	5.11222507667612e-05	7.345073360072664e-05	0.00010346142592746596	0.0001768602719550054	0.0002207045930779067	0.0002957786289682309	0.0002894260828407731
0.00011641594025856029	4.39087386576384e-05	2.5706750510349662e-05	1.8825729655588913e-05	1.6862257853272594e-05	2.7796415874495857e-05	3.9047004066391084e-05	3.312017897864729e-05	4.6779035990314374e-05	6.7927350094174e-05	9.480995666541749e-05	0.00016885624716011556	0.0002085315241617065	0.0002816215672060154	0.0002746291548352109
0.00011125126814358601	4.187258174073957e-05	2.4287533045675863e-05	1.7791268434168292e-05	1.605670047473103e-05	2.6465312736650692e-05	3.733256380693688e-05	3.181800731329369e-05	4.641010392310325e-05	6.697823845326807e-05	9.617041852765909e-05	0.00016681797691473103	0.00021844868920417655	0.0002932346938951162	0.00028226891039796
0.00010720647299920299	4.013076887038617e-05	2.337078542965159e-05	1.7193633394733038e-05	1.5490503728046047e-05	2.5467950492535975e-05	3.652369955761669e-05	3.1169565390618966e-05	4.374403610377187e-05	6.46882226102597e-05	8.962901961719191e-05	0.00015671424116743353	0.00020375635070837494	0.00027886339457141923	0.0002704900121585119
0.00010692877475702075	4.029080075835296e-05	2.346681498084432e-05	1.7160429419658376e-05	1.542691137394711e-05	2.5458170452836296e-05	3.6492520434128175e-05	3.1104719175424114e-05	4.3707140518976114e-05	6.29594355673399e-05	9.001112109081782e-05	0.00015811780724126232	0.00019739192653018677	0.0002655302728730573	0.0002579991252648122
0.00010705007324019309	4.014503884631411e-05	2.329429475470289e-05	1.702876165076814e-05	1.5475902497762815e-05	2.5526765318676135e-05	3.655917949783555e-05	3.1027833747470396e-05	4.484719855414372e-05	6.47709750445058e-05	9.008243879587321e-05	0.0001577744255291561	0.00019887684476309437	0.00026791780575222205	0.0002646162917009794
9.97970807765256e-05	3.755842720029845e-05	2.1968892510940882e-05	1.6056373894494372e-05	1.4602505151342467e-05	2.3940854537401975e-05	3.418989434963431e-05	2.9128560894953516e-05	4.0831882205186097e-05	5.9378571362068294e-05	8.433250301415876e-05	0.0001466555797193913	0.00018330759002817257	0.00024746337689641334	0.00024056506708890527
9.99985637705601e-05	3.780392809418328e-05	2.194867217987848e-05	1.6166060528270107e-05	1.4609961383754415e-05	2.392663765512294e-05	3.412670905736092e-05	2.9532515012569965e-05	4.165739135986053e-05	6.0302026036307204e-05	8.398973454738625e-05	0.00014423725668724668	0.00017932172491872542	0.00024108432378657047	0.0002443772158083484
0.00010008060741906516	3.7733450237706885e-05	2.2055153665420217e-05	1.6259579391198686e-05	1.4753067759371013e-05	2.3923369927170223e-05	3.389463526489462e-05	2.9574337597056045e-05	4.2578836261817245e-05	6.192840497592073e-05	8.597327017271573e-05	0.00014747885789329656	0.00018438990777254873	0.0002477578342703714	0.00024209855310320936
9.988618765265783e-05	3.765360878298717e-05	2.200563951935924e-05	1.6243987071799425e-05	1.4735979914386973e-05	2.4093096226126816e-05	3.458495736975252e-05	2.9530181546089255e-05	4.115945574644674e-05	5.9040616207974096e-05	8.238714851041285e-05	0.00014132560153629195	0.00017630760923587372	0.00023806110717385917	0.00023734514375460438
0.00010012996987291455	3.7604421136547755e-05	2.1865136996957044e-05	1.6134125437515357e-05	1.4590905790956645e-05	2.398549860860275e-05	3.40135122579224e-05	2.8798494992731592e-05	4.0652901951733234e-05	5.8680106725422046e-05	8.401898835747107e-05	0.00014696756995476786	0.00018378583952323612	0.00024651451856372585	0.00024135796874367495
9.981839841597262e-05	3.7379845145006485e-05	2.190461680516885e-05	1.6022491194622662e-05	1.4547903876550531e-05	2.390023184944012e-05	3.462674847254619e-05	2.9338640122637984e-05	4.108091400156325e-05	5.909566970615779e-05	8.233899171428237e-05	0.00014097928163795323	0.00017614269919751476	0.0002380150812087992	0.00023318222413500924
0.00010019672667860976	3.758189562706422e-05	2.179510588782009e-05	1.6043348374988662e-05	1.441685892856442e-05	2.3818934486990124e-05	3.395851542566064e-05	3.0098382594296724e-05	4.256473797758579e-05	6.167697855403333e-05	8.610342118616864e-05	0.00015487341403952874	0.00019220956677973782	0.00025572028188331847	0.0002550760382999703
9.98217907925973e-05	3.7791923483711517e-05	2.1849874225008703e-05	1.610661439771206e-05	1.4449400845800324e-05	2.3922429292751777e-05	3.425323046579932e-05	2.987692907065501e-05	4.19991855809981e-05	6.531939411161192e-05	9.119893512210725e-05	0.0001546602975131198	0.00019313591456329723	0.00025868106486204176	0.0002513259502601463
0.00010025684505842178	3.773707966595968e-05	2.195223664040775e-05	1.6133002528659044e-05	1.4530763624653975e-05	2.393367779956739e-05	3.423276152285678e-05	2.8997350162362167e-05	4.0710277182065374e-05	5.869867129224168e-05	8.227594049170591e-05	0.0001409710539162421	0.00018062228178313463	0.0002552909617839356	0.00024880700020640697
0.00010057749584916306	3.7628931938669836e-05	2.1841971714543458e-05	1.5985897775705652e-05	1.4496741826356929e-05	2.3926460726472948e-05	3.4479803217506856e-05	2.9417958463309167e-05	4.0975620286524354e-05	5.902648172726841e-05	8.214785047302998e-05	0.000141384869559262	0.0001800608830977279	0.00024139065831761404	0.0002360158411251493
0.0001000112443825182	3.758520944401556e-05	2.1783297247749053e-05	1.6143365426688788e-05	1.4436912078788042e-05	2.3902170148543552e-05	3.4315864708501674e-05	2.8985494504491447e-05	4.105518639143787e-05	6.228663338890418e-05	8.961178982047802e-05	0.0001523891738673707	0.00019083839882381808	0.00026298242276384464	0.0002546053538208541
9.292898980228121e-05	3.4966694146005145e-05	2.0220287805288895e-05	1.4908885072843263e-05	1.348920499853862e-05	2.2206595569690337e-05	3.243371554649573e-05	2.7644387101828268e-05	3.938932220778558e-05	5.668610196225183e-05	8.0579849912138e-05	0.00013753865148775072	0.0001781633999845351	0.00023829410405885166	0.00023146742847487975
9.276184618732758e-05	3.507289330666678e-05	2.0333041596310855e-05	1.5012645640101288e-05	1.3439100944005858e-05	2.2177213579132558e-05	3.190075382190546e-05	2.737620566605896e-05	3.813219701342214e-05	5.485549690243327e-05	7.643073971123194e-05	0.0001311846137751683	0.00016424596127812807	0.00022079421744271432	0.00021725426107378065
9.25684163353069e-05	3.487346709159676e-05	2.0313353852556624e-05	1.498417176467241e-05	1.3496299535728904e-05	2.2185448904535145e-05	3.247186047197946e-05	2.917528430703869e-05	4.047027380567845e-05	5.787093011197567e-05	8.307331712494933e-05	0.00014046283821030352	0.0001761158886270995	0.00023681776916873094	0.00022986696155110004
9.242255619672343e-05	3.485440181205108e-05	2.027451742949524e-05	1.489097416645226e-05	1.3463812614531398e-05	2.222011268732168e-05	3.221549481113801e-05	2.7540461079746527e-05	3.91725446460169e-05	5.652456436853491e-05	7.858147041086121e-05	0.0001343957715631301	0.0001690956837478614	0.00022632612916367707	0.00022124612580791712
9.265669773826285e-05	3.497400927098852e-05	2.0277114666372625e-05	1.4930108732337012e-05	1.3510530602020347e-05	2.2167353177288264e-05	3.217469242957777e-05	2.7312299525969645e-05	3.813729514615985e-05	5.4742645462581426e-05	7.653634587199913e-05	0.00013134186055218028	0.00016465233597575446	0.00025019759228950083	0.00023928888772069184
9.27112437884264e-05	3.49142608746708e-05	2.0329396216243152e-05	1.4983598002769131e-05	1.3439097383115897e-05	2.2215481433487744e-05	3.2035709812484195e-05	2.789229057466639e-05	3.907693125030205e-05	5.624063818313135e-05	7.817254774907697e-05	0.0001335394750933779	0.00016571668494713045	0.00022401203053944244	0.0002193290978011217
9.254726040800696e-05	3.4878865199650456e-05	2.0313025284026432e-05	1.4943884425452842e-05	1.3428312885249091e-05	2.2114142428308146e-05	3.1786446297174486e-05	2.7110770408126586e-05	3.8058469407546125e-05	5.610212642606125e-05	7.898412834004461e-05	0.0001350370657685046	0.0001737888121858877	0.00023256045244550032	0.00023249069176166858
9.281957053843202e-05	3.485996194490514e-05	2.0295292977234454e-05	1.489635282545295e-05	1.3453892324245003e-05	2.2206163742123793e-05	3.212600970333279e-05	2.7301479650140317e-05	3.806457801976703e-05	5.4920406685317397e-05	7.877702899900362e-05	0.00013431762860390207	0.0001679084508521398	0.00022725584005366478	0.00022608674641685423
9.284090415856018e-05	3.484477362356426e-05	2.0339369436761334e-05	1.4923453315818427e-05	1.344051977430426e-05	2.2191349179827584e-05	3.199164776869317e-05	2.7485426812991365e-05	3.824033657995645e-05	5.5191677119333545e-05	7.670779852785115e-05	0.00013526780738267445	0.00017411530803882816	0.00023276741536027676	0.00022561507619247662
0.00010718943069405681	4.0279077817122136e-05	2.3419459061465294e-05	1.718684061415608e-05	1.5456016945261213e-05	2.5497833344847356e-05	3.591235284007038e-05	3.100987517447894e-05	4.41865937609829e-05	6.415985835547068e-05	8.988913073747946e-05	0.00015377474175418444	0.00019762776545069214	0.000265880135412517	0.00025782064399215243
0.00010684984802640071	4.0188779093829803e-05	2.342243262350939e-05	1.728999808596528e-05	1.5532437304662886e-05	2.5465068816697598e-05	3.671739160048338e-05	3.0975866091354736e-05	4.401288251796543e-05	6.685205615182725e-05	9.483683722998026e-05	0.00016405878684511903	0.00021353891620845038	0.0002941538902896944	0.0002808805930214417
0.00010727294695949382	4.034290710801359e-05	2.3636882630504094e-05	1.727688915823981e-05	1.5739826736901224e-05	2.5696036285285743e-05	3.6265190460868864e-05	3.064943341594887e-05	4.323159311890244e-05	6.246252642751623e-05	8.962985381112738e-05	0.00015423891389013786	0.00019883075329144272	0.00027106666523581775	0.00026416709553786044
0.00010670250184267311	4.0357577000829135e-05	2.352636682920753e-05	1.748417642098914e-05	1.606869681739039e-05	2.6046332608622374e-05	3.7498405334922133e-05	3.2289148223565985e-05	4.4845628944600416e-05	6.364820702914731e-05	8.851231350741666e-05	0.00015384988901329867	0.0001906282641376223	0.0002542107460752143	0.0002557412426204501
0.00012069973828836636	4.604855751251671e-05	2.7810542699343197e-05	2.0732918400175876e-05	1.837967277504163e-05	2.887683481243593e-05	3.9716757777944964e-05	3.357140188840692e-05	4.7807412844239045e-05	6.927862978605066e-05	9.978415340065994e-05	0.00017345555219669376	0.00021781895446267065	0.00029262117003761324	0.0002863393081542689
