-0.031573415238909525	-0.03796837117748107	-0.04144559272270007	-0.04283564441878537	-0.04354937096240139	-0.04291970386588992	-0.04213944849790095	-0.040455291339635976	-0.03815645954399509	-0.03431127858561919	-0.029161564158492678	-0.024118161661481105	-0.018437610694736935	-0.013350093939708768	-0.0066146483804496465
-0.027847469864921266	-0.033334096065502805	-0.03680132995039668	-0.03834680334069094	-0.03927321312262527	-0.03883475880534418	-0.03824504685805573	-0.03690972640165226	-0.03478459017816635	-0.0312686581819303	-0.026583641146651384	-0.022069559518184147	-0.016791104810882834	-0.011601597041446567	-0.0055415857611830896
-0.024344478968349497	-0.029444834479497417	-0.032570206994699466	-0.03420787137323039	-0.03510901888998552	-0.03491619475684877	-0.0344152982188661	-0.03322407668385781	-0.0312365908705568	-0.02802786950250804	-0.02387982008807289	-0.020007310136235114	-0.01514764908369817	-0.010572903423190975	-0.004860681273558877
-0.021420562407729816	-0.02615983987300111	-0.029284303914828863	-0.03080068823879652	-0.031762682787418894	-0.03162954034082354	-0.031152015289175695	-0.030066863229160513	-0.028133392647440764	-0.025347609325821904	-0.021591655492047834	-0.018122790954799427	-0.013789695748382683	-0.009685847544738219	-0.004682461036635753
-0.0188801487635243	-0.023287600214881386	-0.02617545651759811	-0.027666673095396093	-0.02861962132667644	-0.028554797886274182	-0.028096941909735437	-0.027219088605809072	-0.02547012435638275	-0.02287052944722602	-0.01963849556255207	-0.016675584531789942	-0.01271281082383446	-0.008980113933205072	-0.004521979571225728
-0.017069383241515124	-0.020771716177688644	-0.023454007288034966	-0.024997192991313283	-0.02594363552577906	-0.02604140065057909	-0.02560517040065708	-0.024816451796635122	-0.02320328230465376	-0.02086751895012126	-0.017937986762602283	-0.015369196502049851	-0.012077996668147255	-0.008531988070408938	-0.004339755451472009
-0.015002254281496855	-0.018454323324651047	-0.021079124033179474	-0.02258018771229445	-0.023508732587633082	-0.023555942653142373	-0.023218063890951247	-0.022603106116889905	-0.02108030020006979	-0.018930272775780785	-0.016539456829427493	-0.014089452947926684	-0.011022493209544916	-0.00783605758889913	-0.004225447872058926
-0.012707530473308113	-0.016266591347874917	-0.018831382937171428	-0.020461523883681748	-0.021443042667309366	-0.02162455568419139	-0.021335641224653097	-0.020775632644128694	-0.01937491564397433	-0.017469409714402827	-0.015234281023010634	-0.013354263534668115	-0.0107316831071252	-0.007811271078004838	-0.004259348778743157
-0.011483123745162088	-0.014635948865195364	-0.017180314563398004	-0.01879882460785482	-0.019761452930122003	-0.020020221088195612	-0.019818782130085734	-0.01932438540846776	-0.0179909820219031	-0.016337401360461825	-0.014518313077304997	-0.012662550625753846	-0.010240077883579586	-0.007814539432479886	-0.00464244341689883
-0.009660293105697493	-0.013007400819729257	-0.015496963623670775	-0.01720453877284596	-0.01819214724141082	-0.018436085776405698	-0.01831762846322054	-0.01797482324389441	-0.016698172900250913	-0.015091506778022673	-0.013499359250441741	-0.012071382349996404	-0.00975990196583941	-0.007638311028834691	-0.004926389594413432
-0.009074464209276644	-0.011898085198056503	-0.014331762877763532	-0.015936585099959454	-0.016973020977959188	-0.01736207821030484	-0.01713928078363051	-0.01687856220601201	-0.015771517584267983	-0.01437222006040047	-0.012976263769656401	-0.011597666061073703	-0.009725542702525342	-0.0077832000481692495	-0.004986763924529544
-0.007519511849175017	-0.010507689453050447	-0.012960397234566346	-0.014656987040480256	-0.015773290998127167	-0.016169249958555714	-0.01615190477632094	-0.015966221538449184	-0.014731393989517583	-0.013600713538319122	-0.01231161497891772	-0.011216562689197476	-0.00950448133114996	-0.008033932485718166	-0.005217282542684396
-0.006755452257521493	-0.009563690542985575	-0.0119805951323836	-0.013728855481928905	-0.014840038167852669	-0.015270619596801878	-0.015230451322653247	-0.015155462280626976	-0.014060293832626233	-0.012853162026132825	-0.011954683750766373	-0.01102051396925109	-0.009612123816531306	-0.007786077716083614	-0.005578512883065754
-0.006260358917082859	-0.008836286307375981	-0.011132370101477015	-0.012847405160544488	-0.01391585620277904	-0.014474357671078894	-0.014547299543210457	-0.014521077693154473	-0.013590738147464145	-0.012565382143835523	-0.011750483074969263	-0.011147777654194339	-0.009593292140669087	-0.007895357877419644	-0.006080591867217147
-0.005280487054290492	-0.007973250731305401	-0.010343616138985693	-0.012105949551797737	-0.013295860334890563	-0.01378864042477655	-0.013918040111092258	-0.013958410286340631	-0.013132741768312315	-0.012204702940551274	-0.011601556789132937	-0.010745143200434678	-0.009515444576102487	-0.008111203975215614	-0.00572495024191755
-0.00486556632224453	-0.007323173855292108	-0.009646964496601006	-0.011460352654205277	-0.012669167667941543	-0.013234623332870286	-0.01340226167666822	-0.013495533526861397	-0.012672190542990201	-0.011785392360913966	-0.011228662274754827	-0.010764246943816783	-0.00966535587925601	-0.008187572234932057	-0.006293189985604058
-0.004497827852215637	-0.006885654226798271	-0.009082810900482347	-0.01099496780328624	-0.012201299602612152	-0.012821923515686713	-0.013012135570769206	-0.013081161437259245	-0.012340031460140299	-0.011532483588317807	-0.011073131839686877	-0.010903850959525908	-0.009766093444096754	-0.008338321344653158	-0.0064863401183766715
-0.004052307875872726	-0.006461959874098634	-0.008691866394442893	-0.010569206413698254	-0.011791829160995523	-0.012514392710984748	-0.012681036964616713	-0.012813360852826784	-0.012112974510908725	-0.011381327424482487	-0.011170496344504269	-0.010928591117879315	-0.009686805718971724	-0.008705071613144653	-0.006750577227278032
-0.003644273829247925	-0.005951226954717729	-0.008282095425880901	-0.010160350803804435	-0.011427008030984107	-0.012150918022809489	-0.012376756354558227	-0.012552670951724285	-0.011904308007543529	-0.011215049955256755	-0.010935301823889224	-0.010894372259243749	-0.009927585845371258	-0.008748682761711072	-0.007044655963565011
-0.0036734260017207312	-0.005782716439519043	-0.008008255698574829	-0.009872188005227404	-0.011181944464793942	-0.011929745918719833	-0.012179993783141253	-0.01242747372870393	-0.011808027777113319	-0.011212278156449464	-0.010976437109050566	-0.0109134003064848	-0.010158230423720726	-0.009052030143579182	-0.007007728550946917
-0.0034217444625114046	-0.005505729795451376	-0.007685535596841002	-0.009667151555511365	-0.010945561017596014	-0.011752547554681626	-0.0120579203192539	-0.012271596509149043	-0.011705922181708342	-0.011041387761398708	-0.01087992028038904	-0.010991481864712544	-0.010101350654231355	-0.008897990742892702	-0.007203624474151822
-0.0030948755390102843	-0.0052806298784456585	-0.00752058179564912	-0.009488855696839073	-0.010754591909120932	-0.011520097241799953	-0.011762615911416804	-0.012115893659308949	-0.01147473021300456	-0.011069351681511321	-0.010876587181194263	-0.010741877652790239	-0.0103431483909328	-0.009132811583630064	-0.007387767882988423
-0.0025405419962037344	-0.004983702129990394	-0.007280056726401182	-0.009280069079629227	-0.010638942507754469	-0.011429649966268772	-0.011707056372742698	-0.012039269482790061	-0.01149930976821136	-0.010995245669899466	-0.01081105454206707	-0.01090455453726563	-0.010253960858448409	-0.009333217556103663	-0.00738211421684356
-0.0024487074378649184	-0.004861505751418571	-0.007164452754051159	-0.009160107007779288	-0.01046030558868057	-0.011348550792108768	-0.011668491856518862	-0.012001249669660066	-0.0113838943860189	-0.01083626773930637	-0.010860087719742584	-0.010871399075059976	-0.00976749924692802	-0.00901816098896895	-0.007536061861184422
-0.002294620892689862	-0.004720328868645025	-0.006990049716008919	-0.009036228663152752	-0.01039159198859225	-0.011204595590449017	-0.011599348178126493	-0.011916220500343813	-0.011394531876010902	-0.010969498780669251	-0.010926521755319055	-0.010961562856121515	-0.010585223801851486	-0.009602335956266783	-0.007917863089499728
-0.0024684213286543656	-0.004655129599142048	-0.007016478786642296	-0.008995754251635677	-0.01034786929173186	-0.011197942758426298	-0.011584446954627922	-0.011903952682769087	-0.011356952191349457	-0.01081266588917665	-0.010976284794092593	-0.011157389652714704	-0.010486428560270631	-0.009598978022601713	-0.007947835254281816
-0.0026548746005842666	-0.004642491540413176	-0.0069437680797849845	-0.008923824628004692	-0.01034228439055687	-0.011190375650450522	-0.011533728526108372	-0.011918038234707225	-0.011369811606426595	-0.010905850775817688	-0.010951060737978597	-0.011199393484969103	-0.01050456087807685	-0.009791490315978334	-0.007791160137852489
-0.002590014927304854	-0.004521887055756681	-0.006850067283964852	-0.008941818190284716	-0.010290481736230345	-0.011071631272783829	-0.011360779215227938	-0.011869917957876426	-0.011279848493844603	-0.010975855389856189	-0.010863273958350243	-0.011200448768603268	-0.010695166189659846	-0.00958564386737883	-0.008030848741595657
-0.0023856133932049235	-0.004789087771530566	-0.006933780233303912	-0.008904216744194808	-0.010297461024088378	-0.01111616844637995	-0.011277201694487505	-0.011803581847160419	-0.01118243544352283	-0.010833206766246467	-0.010968129830280742	-0.010980560289465473	-0.010454063960964507	-0.009570695758860128	-0.007780745549633262
-0.0021703747074115305	-0.004718565126001831	-0.006856660127743482	-0.008849006819389046	-0.010230246552072022	-0.011097727083295874	-0.011400296831475198	-0.011876246735539164	-0.011276158461485622	-0.011010598481013774	-0.01104790638301314	-0.011015094598668234	-0.010864507141787596	-0.009827725539044537	-0.007986012959213223
-0.002564091771928719	-0.004583260887167297	-0.006867321548196072	-0.008895078793961187	-0.01026354832621451	-0.011087388086191531	-0.011402000179111693	-0.011902336370335569	-0.011356328314292563	-0.010964314500134442	-0.011203508128417222	-0.01130406417965601	-0.01057711434257626	-0.009643331990186577	-0.008159508831395155
-0.002602337249184158	-0.004592900964724035	-0.0068673571599695395	-0.00892285209476949	-0.010282787670603186	-0.011175606851630287	-0.011523531338986719	-0.01196361288812818	-0.011408883334629685	-0.011065668760728165	-0.011283833619667187	-0.011618668990783173	-0.010821376574692586	-0.010024132591437114	-0.008364669513853862
-0.002143776840220128	-0.004403649418342393	-0.006754961945364526	-0.008836565650733777	-0.010179474600743112	-0.011085920915678652	-0.01134530837864976	-0.01178136599074624	-0.011191144526394916	-0.01082571119060045	-0.010964480708882767	-0.011273953996158652	-0.010480234565309438	-0.00979380286152026	-0.00805879871451142
-0.002342557021846308	-0.004430315838828118	-0.0067747145775570485	-0.00889764055514976	-0.010234120384133011	-0.011131665855610907	-0.011458615842460369	-0.011895346275981933	-0.011356687089228292	-0.011020192099742684	-0.011092247606809406	-0.011300797282746772	-0.010812956468510881	-0.00989922271858425	-0.008128519505216966
-0.0025648317765586013	-0.004640542598506656	-0.006838824530533352	-0.008872334534817776	-0.010314524152928677	-0.011158020810042833	-0.011493525715869157	-0.011967675273265036	-0.011517398666248327	-0.011105175831224882	-0.01121624615283976	-0.011294994329851392	-0.010802534942453179	-0.009876075714491504	-0.008100851868287216
-0.0023724374895493956	-0.004484471543729899	-0.006795437199388592	-0.00886998197412744	-0.010260784957350605	-0.011186841035799321	-0.011536112772263338	-0.011938113087006368	-0.01143121019096444	-0.011092597976976988	-0.011175612606153575	-0.011342333913570082	-0.010793922786467586	-0.010002464448908536	-0.008262796882790118
-0.002436126313418853	-0.004558665776481507	-0.00682969199551529	-0.00890629426330644	-0.01030170694038518	-0.011183669100627553	-0.011559280905824901	-0.011969512925199766	-0.011477599029737173	-0.011092778777342091	-0.011286169802738544	-0.01145095758140432	-0.010795380999262708	-0.009862944011517282	-0.008167417113569478
-0.002388278413285142	-0.004583315937667258	-0.0067907287539639245	-0.008897858273045345	-0.01027956186747011	-0.011222481722105207	-0.011560037892677042	-0.011964515785344096	-0.011437898998211323	-0.01100430535018397	-0.011134984399235623	-0.011477430130316506	-0.01086796846938311	-0.009724434568866304	-0.008138391605158064
-0.002416124804361978	-0.004582095834961095	-0.006835078900191758	-0.008909636404081458	-0.01031988319512982	-0.011198655768494761	-0.011537453741984784	-0.011968516573438429	-0.011459402745760383	-0.01108030491847671	-0.011257949339863271	-0.011441425966270546	-0.010828602543736347	-0.009862031516263624	-0.007990471732303814
-0.0026357879704740662	-0.004679461210841512	-0.006901062745384464	-0.008971761010408173	-0.010344107373118036	-0.011257546466683449	-0.0115988078357034	-0.01204700800884626	-0.011496639082735259	-0.01117241200768038	-0.011382782913112685	-0.011534210355458773	-0.010912509068066553	-0.01010424995240633	-0.008364054404189483
-0.002381719709491258	-0.004575029844911803	-0.006865747165061	-0.008967371876932077	-0.010345728745764532	-0.011228145100676901	-0.01158418134878282	-0.012007650824671286	-0.011450428195013657	-0.011158102906868595	-0.01133292170443474	-0.011447740175227001	-0.01099806073940479	-0.009973455033334178	-0.008442848358947465
-0.002514038459898071	-0.004646223189131043	-0.006905594616782475	-0.008988366799096023	-0.010362458425535445	-0.011271007021708555	-0.011609368932559498	-0.012052538452267761	-0.01156598001857116	-0.011207767136557781	-0.011345905087272817	-0.011619303057754183	-0.010943139757572986	-0.0101166968204941	-0.008367544905953655
-0.0025190051526658343	-0.0046781605564343055	-0.0069275583110133985	-0.009000866134582746	-0.010386306569158461	-0.011248876514184932	-0.01160471902096332	-0.012070498400151971	-0.011546658059917995	-0.011205889645439324	-0.011384530278553262	-0.011706902828148043	-0.010923943029156039	-0.010108436054912746	-0.008259676763607502
-0.002181607575314352	-0.004544514551310778	-0.0068768464306618714	-0.008970812802130045	-0.010349097749707806	-0.01122476790413194	-0.011581871218897035	-0.011992903989145579	-0.011503680179817413	-0.011106770675978284	-0.011244014460518977	-0.011394951230427676	-0.010927625753230662	-0.009861104184830983	-0.008334790371951449
-0.002820570108502861	-0.004765553723636859	-0.006950848900106498	-0.009041178614400682	-0.010427847782543529	-0.011318413639690831	-0.01166731319915179	-0.012096805589432345	-0.011601952496227457	-0.011258566680678178	-0.011414126479208078	-0.011709487565119968	-0.011040042928504237	-0.010060266130920715	-0.008372238932113939
-0.0023565601954419605	-0.00460481653071027	-0.0068813208092449495	-0.009001797164024699	-0.010398850300049401	-0.01128767979068082	-0.011646713020365188	-0.012038108804804017	-0.01152818644837173	-0.0111448306056223	-0.011276570004406997	-0.011591461622275425	-0.010965658255287057	-0.010008416725711258	-0.008237859157384581
-0.002294796165853907	-0.004595259596243523	-0.006887668003004037	-0.008989136383433885	-0.010371230944641372	-0.011269328198243217	-0.011598513451590296	-0.011990121107684432	-0.0115025431197802	-0.01110740879275826	-0.011231747571754113	-0.011532930899748538	-0.010977199831292828	-0.010088013360559575	-0.00829363840112748
-0.002699583640987501	-0.004815553887429234	-0.006996473797181513	-0.009087572671972311	-0.010449952171656845	-0.011365128576271748	-0.01171195813658789	-0.012086129550303262	-0.01162450543471161	-0.011278588415319823	-0.011428153335870604	-0.011714358124138378	-0.010995492520366251	-0.010009803511428812	-0.00842063397375908
-0.0027100800433851715	-0.004770395482284045	-0.007022567972552284	-0.00910771238466327	-0.010480694201079119	-0.011374538460172777	-0.011728864803745189	-0.012145507401026483	-0.011638068528067556	-0.01127314197564704	-0.011501535895026546	-0.011688366386259318	-0.011077028587972038	-0.01010953355446057	-0.008486007587935631
-0.002387835016917111	-0.004672504016676589	-0.00696299260095378	-0.009031574939386017	-0.010460973799692836	-0.011327305630799442	-0.011677237894576399	-0.012074089575074231	-0.011572431845756742	-0.011178443333201138	-0.011351137419039719	-0.01155012968691266	-0.011053671055627143	-0.01017489346197888	-0.008375533983564895
-0.002673331338018223	-0.004763113996285996	-0.006998807726382737	-0.009092414055789887	-0.010477915636253485	-0.01137222323017723	-0.011722810100834232	-0.012150328497095013	-0.011664225506393951	-0.011290366175088625	-0.01141478835650995	-0.011690440204133144	-0.01112648762640776	-0.010275852069895104	-0.008467166049060665
-0.002546519014707368	-0.004754216327833653	-0.007029876184064754	-0.009112810323232934	-0.010496086651524	-0.011407505070412239	-0.011759427763234558	-0.012142645072633483	-0.011645798381791481	-0.01128615956516726	-0.011475844605643824	-0.011716588613456013	-0.011213786772532866	-0.01029478096235871	-0.008758843227531512
-0.002413918882371475	-0.004630996308917492	-0.006972329826361068	-0.009092761862781693	-0.010465370252495719	-0.01134809682585069	-0.011676661893474514	-0.012115235032726338	-0.0115804716647061	-0.011239114263675725	-0.01138616328529526	-0.011659832763173216	-0.011015771624906199	-0.010209905281900883	-0.008562081938767074
-0.002488889068451635	-0.004738448194144501	-0.00701469971660794	-0.009114375908221702	-0.010492273903928744	-0.011363924220968515	-0.011733812680244291	-0.012144875413744856	-0.011658784670530348	-0.011289904674761115	-0.011415424810231972	-0.011683953299523514	-0.011111097727932643	-0.010256166870799534	-0.00842962645533595
-0.0025060841384195523	-0.004767288633592132	-0.007017456857249649	-0.009118008551902618	-0.010491069160963106	-0.011355947701103508	-0.011736219942894706	-0.012132682178803	-0.011630441437428743	-0.011236042281749513	-0.01144041621044468	-0.01165428623499618	-0.011163416386606293	-0.010143177884601222	-0.008507668853410954
-0.002524474505345317	-0.004761341045923553	-0.007017879456035834	-0.009126332627809784	-0.010508280770734974	-0.011419905521601034	-0.011765082792255374	-0.01215632320239219	-0.01167966667330271	-0.011306271235907555	-0.011497713881360349	-0.011700511826084881	-0.011114537976804565	-0.010218825606880378	-0.00846026288733793
-0.002779197924195433	-0.004869071088269259	-0.0071363464613241855	-0.009191421308884045	-0.01057047526771002	-0.011428059596466473	-0.011802386942929316	-0.0122123904687967	-0.011711964484841846	-0.011343477934960962	-0.011542193169366626	-0.011780102057305716	-0.011033023188465526	-0.01013006108866009	-0.008390761417797264
-0.002745656971829772	-0.004849579345230722	-0.00711245623618591	-0.009188261916564362	-0.010568961525745458	-0.011456158658149558	-0.01180794778841765	-0.012196792254406558	-0.011696722975861409	-0.011329936987812653	-0.01154957337434264	-0.01167967722052531	-0.011133299294351372	-0.010208682968491995	-0.008498466936434917
-0.002465872147367549	-0.004728815964348105	-0.007051026834198122	-0.009151882316175655	-0.01054573421673874	-0.011381405549023154	-0.011724664683111062	-0.012124964694850334	-0.011610456355726485	-0.011191489745783587	-0.011401277661298611	-0.011598081953439173	-0.01099462683061961	-0.010177176622854625	-0.008407789134441238
-0.0025228662516085555	-0.004779321525281962	-0.007060092808860532	-0.009173302472428957	-0.010552805469215271	-0.011434567856781534	-0.01176648938864385	-0.012166834999310209	-0.011633705856234343	-0.011218204372521825	-0.011388385494810168	-0.01167636647102977	-0.011129860486926699	-0.00998917380980433	-0.00836423470264581
-0.0023684762170103086	-0.00476788687897766	-0.0070691013099000236	-0.009168509478948015	-0.010535970795101638	-0.01143290345830262	-0.011784731756915657	-0.012173571472593854	-0.011664622003632507	-0.011238340803363304	-0.011450823386056137	-0.01168013386016963	-0.011127425116624146	-0.010228115893749183	-0.008547523506390766
-0.0025999148097078564	-0.00482072323003298	-0.007098833725127435	-0.009201886269653228	-0.01057028396248019	-0.011468693349171624	-0.011840649928811965	-0.012197192077515183	-0.011672410800258638	-0.01125816931886299	-0.011418575262510285	-0.011688300702836893	-0.01111291536724951	-0.0102071482445414	-0.008499052556446953
-0.0025872183824849266	-0.0048596360826182955	-0.007105807021658275	-0.00921022497219781	-0.010582952811549832	-0.011453603651753835	-0.011800864819285184	-0.012222359140152413	-0.011648557026807792	-0.01128631391622905	-0.0114541471051819	-0.011730414201161886	-0.011312208791960725	-0.010277430635783093	-0.008591293689736679
-0.002720888566632735	-0.004851583538054976	-0.007131102121380361	-0.009220647113530411	-0.010623470574640121	-0.011495897521343732	-0.0118434432751953	-0.012257081110070785	-0.01170493749257326	-0.011313315054158165	-0.011521674807652767	-0.011751827232361785	-0.011194975058871156	-0.01016994114340208	-0.008516839246975454
-0.002647116149192428	-0.0048959443783599685	-0.007179493317366166	-0.009244186817706189	-0.010612495555329482	-0.011468515255091698	-0.01184620751963247	-0.012251411645674995	-0.011754322122854243	-0.011382009729590884	-0.01152811241888841	-0.011745941335895514	-0.011202953231103482	-0.010228020698500075	-0.008638034649464063
-0.002595084485133805	-0.004852551739280228	-0.007142094088706161	-0.009214954577990275	-0.010618593460095931	-0.011507147822440356	-0.011870676368143306	-0.012245146183373813	-0.011768565327428426	-0.011376180830072212	-0.011506708535501618	-0.011761231859192851	-0.011292388998137656	-0.010339779493445297	-0.00858325323694727
-0.0024389547513180812	-0.0047225510811792475	-0.007054479301955275	-0.009179207977700953	-0.010563851337327231	-0.011483427395275149	-0.011808073232726953	-0.012150531349946116	-0.01159760264074341	-0.011152633209150668	-0.011328711468886412	-0.01159161623167744	-0.011090615367892357	-0.010113950168390265	-0.008460789083626194
