0.0002648733212033889	0.00010773662445182146	5.9225310978169854e-05	4.423471760510725e-05	4.228973701475799e-05	6.516035212933455e-05	8.503498151798531e-05	7.441022665673906e-05	9.144817741122839e-05	0.00012856721058428658	0.0001782709292796971	0.0002771787516322857	0.0003374349773364365	0.00043760342166313307	0.0004534204295392738
0.00026416722134252026	0.00010839390429618615	5.8483092628514094e-05	4.458891830247535e-05	4.309541442436999e-05	6.698355771842506e-05	8.475383090186654e-05	7.133857698795821e-05	9.117236764636668e-05	0.00012787406997257132	0.00017941899717688824	0.00027522214493642364	0.00033630783164234683	0.00043996472411603	0.0004559967454096061
0.00026996737377371497	0.00010875378424974088	5.874716907019984e-05	4.31156130466731e-05	4.202030058823474e-05	6.741214454004661e-05	8.15007299555015e-05	7.098365818176317e-05	9.032287015019717e-05	0.00012536172904061604	0.00020110739999725264	0.0003182816215297898	0.0003868450709820949	0.0004993572416377717	0.0005214601327722801
0.0002753508302054364	0.00011006963262945123	5.9012611423044515e-05	4.390557121232227e-05	4.141634997199627e-05	6.692623903700719e-05	8.449944632910278e-05	7.08720773436247e-05	9.124630171707999e-05	0.0001309574928799611	0.00021325257986752694	0.0003171252014595659	0.0003923748186081473	0.0005266574382625671	0.0005264319307196473
0.00026837517770111484	0.00010921892176901912	5.8980136590726734e-05	4.355228910419169e-05	4.168699381845596e-05	6.793949434769605e-05	8.290079675017011e-05	7.043985271923185e-05	9.227867998528923e-05	0.00012747694346523385	0.00018020179422026093	0.0002834635145186298	0.0003438795022129187	0.0004339604982918991	0.00045520418336975017
0.00026926047198988317	0.00010986233334963907	5.9952334069773836e-05	4.421837683040571e-05	4.278996954615228e-05	6.904283668706423e-05	8.442658728764636e-05	7.366707011662867e-05	9.412533263364635e-05	0.00012952393471541392	0.00018238403989729747	0.00028062955405018297	0.00033793334117562096	0.0004424735326559681	0.00045758458704635985
0.000268983473101177	0.00011155430291431551	5.989158422814666e-05	4.439236920644826e-05	4.295342247185403e-05	6.709965388267899e-05	8.627321392590133e-05	7.444304500371108e-05	0.00010699693431922395	0.00014824145335898346	0.00020706179029836554	0.0003136482998964554	0.000385489358455927	0.0004915589733867084	0.0004993948461651003
0.0002673596047439907	0.00011260268132024605	5.955725100880069e-05	4.40983095752271e-05	4.2223342264849585e-05	6.844482973057783e-05	8.588782295898043e-05	7.368193534411728e-05	9.275896330573754e-05	0.000133960587240051	0.0001819575489977641	0.0002784873962219822	0.00034014044908294315	0.0004352530236283445	0.0004494302400964797
0.0002806333208099271	0.00011385675579744774	6.073399025796375e-05	4.4836008857647684e-05	4.250796530818583e-05	6.880058215281184e-05	8.952887995566389e-05	7.697222884423075e-05	0.00011167137152913331	0.00015743025478143766	0.0002158124003661884	0.00032683228683267864	0.00040737198976384045	0.0005231484406439369	0.0005286686159651579
0.0002718302938692765	0.00010993090600914924	6.0842837587910824e-05	4.3970667265582016e-05	4.363169370772767e-05	6.768271382837164e-05	8.654946726512511e-05	7.433895076384384e-05	9.382113816742112e-05	0.00013183234043896434	0.0001828362158908676	0.00027294894983212226	0.0003395690632586204	0.00043770386763232136	0.0004500024647388233
0.0002764405705627783	0.00011183557071916685	6.055584714792386e-05	4.4621158782980706e-05	4.131920828082085e-05	6.716555241329341e-05	8.601267931578002e-05	8.584663279316501e-05	0.00011021621167722917	0.00015277349894949815	0.00020992887262168345	0.000327532141498193	0.00039227495519887623	0.0005309738223685183	0.0005256882500260098
0.00027437045447176975	0.00011197069197694571	6.053713178500211e-05	4.506743412648299e-05	4.265270596649939e-05	7.145529655622581e-05	8.773728743580427e-05	7.63561819068985e-05	9.430454396263921e-05	0.00013244884424155255	0.0001818982594334645	0.00028163216508120535	0.00034576162903910307	0.00043713608995813715	0.0004516261381120509
0.00027952571994842166	0.00011306881201821085	6.23491842471921e-05	4.558279412638874e-05	4.280404099746192e-05	6.911746163763785e-05	8.618769166613052e-05	7.414842796894942e-05	9.3687092758928e-05	0.00013025074785340604	0.00017960593209253683	0.0002802436688734261	0.00039576787720757404	0.0005099757052644663	0.0005228882354006481
0.0002775024769230437	0.00011108283924561676	6.024756853561714e-05	4.6014418509622205e-05	4.240254694270733e-05	6.915497797444396e-05	8.777395183081852e-05	7.419693397232668e-05	9.511529579795774e-05	0.00013126681294373476	0.00018278151805219977	0.0002779712311462393	0.00039936562201767017	0.000515815520784277	0.0005364086179361804
0.00027463276900081867	0.00011224410725312276	6.030796080787351e-05	4.423899275244883e-05	4.2190826073790976e-05	6.826671074848741e-05	9.08129155814174e-05	7.742093498824218e-05	9.48625591669417e-05	0.00013128284870126306	0.00018407754279053194	0.0002825246917205411	0.00034546001495027	0.00044101923897088606	0.00045800935198045037
0.0002757752680309548	0.00011249315752448449	6.120841027271389e-05	4.476537112892554e-05	4.4109085277907674e-05	6.969896846264972e-05	8.783757725694494e-05	7.480808209722657e-05	9.489635053989492e-05	0.0001340031027801569	0.00018287981342409224	0.0002847367198984891	0.00034636732050250066	0.00045788755144881383	0.0004608158218671407
0.00027410728751209567	0.00011359692895176264	6.083802118354585e-05	4.455232726653109e-05	4.2119080259251794e-05	6.8964498132887e-05	8.63429864420292e-05	7.297762377278444e-05	9.253763531952443e-05	0.00013132768252000556	0.00018077524528000135	0.0002816155396909737	0.00034486775580061047	0.0004379955121674806	0.0004522526985686016
0.00027364662671341955	0.00011176858772571089	6.155527263933434e-05	4.553306778011615e-05	4.3230188703857334e-05	7.078046165716232e-05	8.75638263567929e-05	7.388008015914192e-05	9.343221711783961e-05	0.00013173787408436336	0.00018221769846665914	0.00027472570361998505	0.0003332101402665177	0.00043956803575486537	0.0004599077364029704
0.0002783024181439646	0.00011467687170564695	5.990769211450047e-05	4.473040614225547e-05	4.3280567279357704e-05	7.005961250042068e-05	8.964290896675391e-05	7.841604279647897e-05	9.919015655924523e-05	0.00013225381386693013	0.0001831707122009568	0.0002841151668276053	0.00034151134807069804	0.0004463081326519792	0.0005230533362122951
0.00027224919956576774	0.00011073112725371547	6.141373671979009e-05	4.395998237069377e-05	4.2421145180786744e-05	6.822573345470647e-05	8.763882191094602e-05	7.447545419203586e-05	9.428507335885404e-05	0.00013214006444194925	0.0001825799471702443	0.0002768022704177306	0.0003431897682510307	0.000448830495340522	0.00045196742420657823
0.0002773445173761454	0.000111647217888557	6.049503028776948e-05	4.562528809663099e-05	4.446583715680251e-05	7.0676151615517e-05	9.114633718641408e-05	8.138023352630957e-05	0.00010039665838516547	0.00013682066592758476	0.00018886582566008485	0.0002822138668851265	0.00034804799789007725	0.0004453344813753089	0.0004508370368094047
0.0002799273773410242	0.00011285058749287239	6.110828817031385e-05	4.503568331628564e-05	4.2549415888399886e-05	6.79464740677986e-05	8.406761930357677e-05	7.24628473197238e-05	9.38455123146533e-05	0.00012853180187562388	0.00018250703576418083	0.0002770599589330563	0.00034443725615046614	0.00043977565122820943	0.00044632982864708707
0.0002749086586753089	0.0001135211889216169	6.109353140090363e-05	4.4963285839887034e-05	4.303262014432545e-05	6.911997796764003e-05	8.797831599334372e-05	7.600184757156056e-05	9.62357796513187e-05	0.0001333303916274442	0.00018521934698315033	0.00028384681032659774	0.00034611114684190313	0.00045466272652629354	0.0004579368736343368
0.00026902303192237	0.0001110749517448638	6.170952851458641e-05	4.511927269457164e-05	4.289516679436833e-05	6.918060839586641e-05	8.703429691707034e-05	7.472121954776496e-05	9.431532142899186e-05	0.0001306255448544972	0.00018366015329856285	0.00027406851154563726	0.00034351870289566204	0.0004472993227109292	0.00044748884490667783
0.0002683764519756078	0.00011282808894187227	5.951869036479656e-05	4.434389876136309e-05	4.318541314915132e-05	6.904950277937079e-05	8.629819133500128e-05	7.445413008630585e-05	9.472065461560168e-05	0.00013321007330951382	0.00018659716491937193	0.0002826206815582839	0.0003406092485652493	0.00044673888613212885	0.0004546252111898944
0.00027130768068108266	0.00011226439631607635	6.125435628301478e-05	4.5415384774261726e-05	4.4491088631084654e-05	7.105551032299892e-05	9.106406235247714e-05	8.132091214275106e-05	0.0001025654950146045	0.00013605401024618404	0.00018673205233935873	0.00028394152748289396	0.0003397536380770723	0.0004437140407135104	0.0004567312224004448
0.0002787247455462065	0.00011305961531834158	6.194402257405961e-05	4.5081465455040515e-05	4.401338365522525e-05	6.940395732292697e-05	8.683407301677794e-05	7.7437036400244e-05	9.946188131433323e-05	0.0001328441891045602	0.00018548044722860275	0.00028690488609785225	0.0003412125108452277	0.0004478728507358045	0.0004509237821730617
0.0002814808489193551	0.00011412880578581047	6.101304717765453e-05	4.46044077240998e-05	4.262347360654029e-05	7.01969304897957e-05	8.677251272405423e-05	7.404870962921481e-05	9.654403995500551e-05	0.0001307739845383134	0.00018376704837246442	0.0003008394095641894	0.0003976425304859287	0.0004996367607383327	0.0005059268657179515
0.00027922563199324856	0.00011251813414953936	6.053611394171056e-05	4.462899783849412e-05	4.367246692713558e-05	7.168086160722646e-05	9.18053557048242e-05	7.900556742850966e-05	9.792916976426524e-05	0.00013357033162970347	0.00018427925185734997	0.0002819974711930425	0.00034514163456982657	0.00044188210209847637	0.00045447860207945673
0.00023816112254510446	9.92745832760992e-05	5.374450737339447e-05	4.104538628105077e-05	3.971093238610241e-05	6.294478757226051e-05	8.157416634955746e-05	7.275515162706173e-05	8.771898303686314e-05	0.00011821083519823258	0.0001609028097690022	0.00025027771810325517	0.00029989228285127073	0.00038965603196624226	0.0003969061035689846
0.0002248043546957977	9.137857883597757e-05	4.9859405998019944e-05	3.685403373409216e-05	3.518421484354624e-05	5.7683328221785935e-05	7.576678185188627e-05	6.674405396933127e-05	8.114559547692261e-05	0.00011181243259716075	0.0001716015806735027	0.0002631546465227151	0.00031768676027736273	0.00040759546234287207	0.0004134723235298712
0.0002244893106358264	9.225554049432786e-05	5.104378615233034e-05	3.803194577561862e-05	3.630672222023429e-05	5.730516828085894e-05	7.34524877406747e-05	6.462465258758847e-05	8.706974710690637e-05	0.00012925981041141934	0.0001765176025842152	0.0002702037247037223	0.0003345000254282483	0.00042980781614794094	0.00042790547125053395
0.00022112851213711713	9.286942949474167e-05	5.0875165843759004e-05	3.841375935623098e-05	3.732653983020264e-05	6.058850202173176e-05	7.62038425874162e-05	6.834878977478789e-05	8.463757293840315e-05	0.00011270610954713188	0.00015306256548814856	0.00023186940348402316	0.000285573766877768	0.00037020659500599417	0.00036866820623854545
0.0002055642099384487	8.553518043463395e-05	4.597996203922195e-05	3.413688885329321e-05	3.331521767818403e-05	5.239330045140954e-05	6.674494118832473e-05	6.129929926852894e-05	7.433759036070096e-05	0.00011918055387411279	0.0002063227063463776	0.00030646996206844436	0.0003765903358476271	0.0006846569236178242	0.0006596400627680378
0.00019517538596373709	8.157459036547716e-05	4.4155849792551174e-05	3.292233431523455e-05	3.189624876755109e-05	5.105632226775226e-05	6.800846635255579e-05	6.176931520058641e-05	7.476219416994888e-05	0.00010102085368922497	0.00013561122971669022	0.00020708504510359653	0.00024644018523423074	0.00032181270077859817	0.00032475858711259885
0.00018867264359182084	7.869529020665503e-05	4.281981322552744e-05	3.241598398477982e-05	3.19199589241989e-05	5.035469933742757e-05	6.742578965925679e-05	6.245204909847139e-05	7.399503438514771e-05	0.00011244569061677556	0.00015307527842021074	0.0002528315169524821	0.0003246732372848943	0.00043012618793410856	0.0004238159663683791
0.00017611036765035414	7.350872598715534e-05	3.941460552386281e-05	2.951309361878766e-05	2.911514974214491e-05	4.60269371924572e-05	5.987266463163701e-05	5.367532076138323e-05	6.563463124193489e-05	8.892732098799389e-05	0.0001220088775618708	0.0001840814786100449	0.00022481048490037513	0.00028983220352682523	0.0002941389108079651
0.00016953069847500723	7.164166489103484e-05	3.853506797795665e-05	2.9036161172792663e-05	2.831859637766953e-05	4.469763811267496e-05	6.178043505595949e-05	5.7790523783195846e-05	6.729869508048023e-05	8.923735320180012e-05	0.00011902998269666097	0.0002005336140324746	0.0002471842224224923	0.00031096281156635424	0.0003149166564897097
0.00016113454216314913	6.665052992688043e-05	3.612921300468376e-05	2.6988074187810148e-05	2.6499956800846836e-05	4.2355672316859625e-05	5.4565422303091914e-05	4.953815192008693e-05	5.99510977707555e-05	8.196477398572596e-05	0.0001119488799482215	0.00016983119096739197	0.00020494058780826604	0.00026667867765858003	0.00027208342181971897
0.0001543719319709511	6.393130150126324e-05	3.547020371291889e-05	2.6999006441687732e-05	2.7198488268002042e-05	4.176864478326071e-05	5.415726599579249e-05	5.758964478361804e-05	6.867040071651671e-05	9.121456664262213e-05	0.00012233422896861158	0.00018300778616510703	0.00022172624008420433	0.00028019120927693573	0.0002886467406778146
0.00015407559849909457	6.526757580251279e-05	3.5131097296754285e-05	2.680691970096801e-05	2.645152358786888e-05	4.0959988891314354e-05	5.522982978491474e-05	5.858824467569582e-05	6.922597477301911e-05	9.260925417207032e-05	0.00012763607688012394	0.00018806984123588937	0.00023127979662803018	0.00029843800042721956	0.00030214776933811557
0.0001546677021801952	6.4735933759684e-05	3.531632051739797e-05	2.6752932441712886e-05	2.6614491322279383e-05	4.1347396837336404e-05	5.623029893199778e-05	5.1706243843213934e-05	6.6835821241852e-05	8.92383326024154e-05	0.00014559327080074894	0.0002115659616611039	0.0002634900523116366	0.0003490209688030838	0.00034836308959061295
0.00014454492737521178	6.191309935768225e-05	3.3786071286673265e-05	2.5787889963681687e-05	2.5938195087287702e-05	3.919772291275196e-05	5.1925672063213615e-05	5.4706915205963844e-05	6.462580516187498e-05	8.396896209862982e-05	0.00011200228833218724	0.0001680248100221117	0.00020437207525417293	0.00026253919024243655	0.00026876961654596985
0.0001443710281498933	6.073052540963908e-05	3.31183670143454e-05	2.4931148252861453e-05	2.4876996913497076e-05	3.8565056312098736e-05	5.1874453372970485e-05	4.731664758297043e-05	5.674293056289144e-05	7.600675893444108e-05	0.00010221940160981298	0.00015279133174137606	0.00018776503543769613	0.00024115162068677557	0.00024508990598050425
0.00014470938263035668	6.130943615455893e-05	3.4007059845613784e-05	2.5633764843784542e-05	2.5701419128959712e-05	3.97272148815531e-05	5.2206632435454776e-05	4.9688376807070405e-05	5.852889132621181e-05	8.579055643903869e-05	0.00011541120223074397	0.00017248063875713868	0.00021033882648784414	0.0002655441433671862	0.00027012033699333476
0.00014435906534483256	6.111732035570995e-05	3.287172712034619e-05	2.474089994572536e-05	2.4365146943930248e-05	3.804292403927896e-05	5.0574679662305956e-05	4.7603985240235274e-05	6.485267638816506e-05	8.487634692235798e-05	0.00011312817807201866	0.00016881000670734226	0.00020508872922504108	0.0003118603503455474	0.00031813723061167
0.00014392969578505243	6.124560400860416e-05	3.3693955663098675e-05	2.5629210696277145e-05	2.5752263582652812e-05	3.990497422926619e-05	5.1894595945597966e-05	4.912270527064119e-05	5.7413060433583465e-05	7.645538479546653e-05	0.00010273954624587268	0.0001553000705184852	0.00018909602936710584	0.00024170061627360346	0.0002458903544165807
0.00014445963643771153	6.065753670544466e-05	3.335103489913068e-05	2.5397242177871555e-05	2.5427759648127706e-05	3.9253178398535065e-05	5.2868593207348026e-05	5.0048300900313684e-05	5.858730094485534e-05	7.729216431670994e-05	0.00010278626657160892	0.0001543046377422674	0.00018951334607793802	0.00024649321912473455	0.00024642068569808963
0.00014488154801430207	6.079662733271303e-05	3.3912003699917126e-05	2.6153357474038067e-05	2.6411379442231855e-05	4.044646747718227e-05	5.442790141256594e-05	5.2734483070165995e-05	6.084991747410094e-05	7.969572611272878e-05	0.0001051916229989401	0.0001581556632319634	0.00019099882564417594	0.00024364655539820147	0.0002450368592359988
0.00014403684510047742	6.065169900115994e-05	3.353705523855881e-05	2.57297620528297e-05	2.5555323365853817e-05	3.925783199129099e-05	5.1792796817423656e-05	4.854236929326496e-05	5.747763220905221e-05	7.60384408540427e-05	0.00010222055875798768	0.0001546531418234539	0.000186794963078661	0.00024100513903964379	0.00024473482344490463
0.0001446196417256875	6.12604979815357e-05	3.3798250464428126e-05	2.6032776480912643e-05	2.6340238627136848e-05	4.005580899847084e-05	5.495049577134179e-05	5.140125077491079e-05	5.9686228544096683e-05	7.819808134721527e-05	0.00010357878452601502	0.000154897499777952	0.00018975845100932472	0.0002439349593140553	0.00024761347603577535
0.00014425644056794323	6.08037793210419e-05	3.313416192680421e-05	2.5621514664478807e-05	2.6038734866210137e-05	3.987281738820765e-05	5.490026268657384e-05	5.2093492528249235e-05	6.027760735842581e-05	7.883562457909276e-05	0.00011973075585516015	0.00017356535249505908	0.0002135190381331692	0.0002702395953330727	0.0002717282192878865
0.0001448704325813957	6.185962341604962e-05	3.3952078415743506e-05	2.5796030274210037e-05	2.535672191178934e-05	3.901623266544165e-05	5.239480870087997e-05	4.7737454364799624e-05	6.489058060484263e-05	8.750865582056705e-05	0.00011901493935265195	0.00017723934175246285	0.0002156807966357359	0.00028027647869607126	0.0002783098956084056
0.0001345068252339715	5.670677457373447e-05	3.1130031250732994e-05	2.3576635776842694e-05	2.3651144537162567e-05	3.6560524752014684e-05	5.046025248332287e-05	4.657837698225391e-05	5.4963344947905284e-05	7.17622273678136e-05	9.636678823167427e-05	0.00014395552937641055	0.00017636934658928478	0.00022771002518384183	0.00023022839820078023
0.00013378964650503984	5.65975667802116e-05	3.1547708510777474e-05	2.417567000301974e-05	2.4417270384629183e-05	3.720162206107811e-05	4.911463491762191e-05	4.624448361866032e-05	5.445446069045759e-05	7.153869492540184e-05	9.605641454316227e-05	0.00014470070118798123	0.00017479383478241688	0.00022588622646913965	0.00022947515585836865
0.00013512970379844593	5.8009163063915784e-05	3.1639989300861236e-05	2.4295505435035026e-05	2.5012691930672464e-05	3.7823031690058394e-05	5.071990774440363e-05	4.82465990989514e-05	5.6326071684980715e-05	7.343189736267127e-05	9.763590736679956e-05	0.00015769357770333497	0.0001917134006865835	0.0002478949356950511	0.000254663700794231
0.00013328644096146798	5.683024835461313e-05	3.1120073963903755e-05	2.399480714296163e-05	2.4350253228215156e-05	3.733417660531114e-05	5.081341567435764e-05	4.897837227758252e-05	5.678767835647626e-05	7.351718456081198e-05	9.777011380728901e-05	0.00014538206192628325	0.00017701209373865404	0.00022810336867557516	0.00022970069225230504
0.00013394399616364002	5.787180336503663e-05	3.169717525156916e-05	2.4361307902726084e-05	2.4483456167341825e-05	3.7293323035979615e-05	5.124607455934338e-05	4.916026331540724e-05	6.338881365866918e-05	8.078151509209778e-05	0.000105598041303795	0.00015650284893522565	0.00019111214743565655	0.00024793963945764246	0.00024760687845854965
0.00013430684850029406	5.669426563742532e-05	3.1673152468361904e-05	2.451704910751997e-05	2.537794348112379e-05	3.765545812407505e-05	4.8529552731927965e-05	4.5470615463072965e-05	5.396906791815534e-05	7.073877270401597e-05	9.605308586795725e-05	0.0001435352369525999	0.00017501106050908587	0.00022593629440768927	0.00023137142478392938
0.00013400758439148746	5.777290524251903e-05	3.147873220376356e-05	2.4148570455209694e-05	2.453088256983623e-05	3.710984643009677e-05	4.8794164239279804e-05	4.6725049018271366e-05	5.467289400016599e-05	7.218017546941919e-05	9.707106474248484e-05	0.0001448366926833559	0.0001767354000685074	0.00022842088178116578	0.00023121756225924308
0.000134597256648446	5.73596753282798e-05	3.1440308046632e-05	2.390279295325839e-05	2.4277433803950086e-05	3.7177852759189956e-05	4.906140685403132e-05	4.651941408395719e-05	5.503767052162812e-05	7.227459347061985e-05	9.622480788015e-05	0.0001443437285525444	0.0001766311047965115	0.00022675236941045908	0.0002308107753335671
0.0001340037777673582	5.691033853005202e-05	3.122429062009902e-05	2.3804715787669758e-05	2.4216694925684844e-05	3.686294731645089e-05	4.729099295435513e-05	4.465805624241339e-05	5.289945088437488e-05	7.074754500181227e-05	0.00010730293115536565	0.00016085134369059516	0.0001943146060917166	0.0002478447954043762	0.0002507143473693059
0.00015578996872513877	6.519352887777138e-05	3.564152236094074e-05	2.7222351261033875e-05	2.7371462803269445e-05	4.209121320058477e-05	5.567197538921189e-05	5.25164606505052e-05	6.22204039253679e-05	8.115967257598776e-05	0.00010890605500536158	0.0001638670593981511	0.0001996394080377531	0.00025989089241061636	0.0002620876518267165
0.00015303358666194305	6.428033148512211e-05	3.5263722456691996e-05	2.683498131105195e-05	2.6599280536784958e-05	4.1544863720281e-05	5.5204521035779695e-05	5.1196481204429625e-05	6.150694628684695e-05	8.160019292103091e-05	0.0001099347717032224	0.00016516259179037032	0.0002000976631757422	0.00025881008316911786	0.0002624339192001357
0.00015448680050338855	6.471344803043064e-05	3.5678478526714937e-05	2.7050918940405287e-05	2.7233808887045563e-05	4.205786025151134e-05	5.549112151860127e-05	5.229885984723025e-05	6.236268872615961e-05	8.222272612626861e-05	0.00010987878802014718	0.00016392091865027796	0.00020275757539126366	0.00030371272390511	0.0003005743267761134
0.0001544486136328282	6.467443322498134e-05	3.5488390862163866e-05	2.671920230033741e-05	2.6456355074454243e-05	4.134298867849184e-05	5.313565268650033e-05	4.9284902463150214e-05	5.890440293690833e-05	7.919694041132559e-05	0.00010834308409533245	0.00016426378228868915	0.00022366374207646425	0.0003433739643831222	0.00038656382094629194
0.00017297494905909515	7.247129858825371e-05	3.972325879794509e-05	2.9919260191519283e-05	2.976835609171415e-05	4.587473079497749e-05	6.22728040607082e-05	5.67986494391821e-05	6.733906187087356e-05	8.990037936031567e-05	0.00012070368881502138	0.0001825680700654352	0.00022142275422410253	0.0003348094224464614	0.00033555515219175147
