0.42485588188646833
0.49485588188646834
0.5748558818864684
0.6548558818864684
0.7448558818864683
0.8348558818864683
0.9348558818864684
1.0348558818864684
1.1348558818864682
1.2448558818864686
1.3548558818864684
1.4748558818864685
1.5948558818864682
1.7248558818864685
1.8548558818864684
1.9948558818864686
2.1348558818864682
2.284855881886468
2.434855881886468
2.594855881886468
2.7548558818864683
2.9248558818864683
3.094855881886468
3.2748558818864684
3.453855881886468
3.644855881886468
3.8348558818864684
4.034855881886468
4.234855881886468
4.454855881886469
4.674855881886469
4.8948558818864685
5.014855881886469
5.234855881886468
5.4748558818864685
5.6848558818864685
5.903855881886469
6.124855881886469
6.354855881886468
6.594855881886469
6.844855881886469
7.104855881886468
7.374855881886469
7.654855881886468
7.944855881886468
8.254855881886469
8.56485588188647
8.893855881886468
9.23485588188647
9.584855881886469
9.954855881886468
10.334855881886469
10.72485588188647
11.134855881886468
11.633855881886468
12.134855881886468
13.134855881886468
14.15485588188647
15.134855881886468
16.134855881886466
17.63385588188647
19.134855881886466
21.134855881886466
23.134855881886466
25.134855881886466
27.634855881886466
30.134855881886466
