0.46305751803681827
0.5330575180368182
0.6130575180368183
0.6930575180368183
0.7830575180368182
0.8730575180368182
0.9730575180368183
1.0730575180368183
1.1730575180368183
1.2830575180368184
1.3930575180368183
1.5130575180368184
1.6330575180368183
1.7630575180368184
1.8930575180368183
2.0330575180368182
2.1730575180368183
2.3230575180368183
2.473057518036818
2.6330575180368183
2.7930575180368185
2.9630575180368184
3.1330575180368183
3.3130575180368185
3.4920575180368183
3.683057518036818
3.8730575180368185
4.073057518036818
4.2730575180368175
4.493057518036818
4.713057518036818
4.933057518036818
5.053057518036818
5.2730575180368175
5.513057518036818
5.723057518036818
5.942057518036818
6.163057518036818
6.393057518036818
6.633057518036818
6.883057518036818
7.143057518036818
7.413057518036818
7.6930575180368175
7.9830575180368175
8.293057518036818
8.603057518036819
8.932057518036817
9.273057518036818
9.623057518036818
9.993057518036817
10.373057518036818
10.763057518036819
11.173057518036817
11.672057518036818
12.173057518036817
13.173057518036817
14.193057518036818
15.173057518036817
16.173057518036817
17.67205751803682
19.173057518036817
21.173057518036817
23.173057518036817
25.173057518036817
27.673057518036817
30.173057518036817
