0.22180484498759528
0.2728048449875953
0.3328048449875953
0.39280484498759527
0.4628048449875953
0.5328048449875953
0.6128048449875954
0.6928048449875953
0.7828048449875953
0.8728048449875953
0.9728048449875953
1.0728048449875953
1.1728048449875952
1.2828048449875955
1.3928048449875954
1.5128048449875955
1.6328048449875951
1.7628048449875955
1.8928048449875954
2.0328048449875955
2.172804844987595
2.322804844987595
2.472804844987595
2.632804844987595
2.7928048449875953
2.962804844987595
3.132804844987595
3.3128048449875953
3.491804844987595
3.682804844987595
3.8728048449875954
4.072804844987595
4.272804844987595
4.492804844987596
4.712804844987596
4.932804844987595
5.0528048449875955
5.272804844987595
5.5128048449875955
5.7228048449875955
5.941804844987596
6.162804844987596
6.392804844987595
6.632804844987596
6.882804844987596
7.142804844987595
7.412804844987596
7.692804844987595
7.982804844987595
8.292804844987595
8.602804844987595
8.931804844987594
9.272804844987595
9.622804844987595
9.992804844987594
10.372804844987595
10.762804844987595
11.172804844987594
11.671804844987594
12.172804844987594
13.172804844987594
14.192804844987595
15.172804844987594
16.172804844987596
17.671804844987598
19.172804844987596
21.172804844987596
23.172804844987596
25.172804844987596
27.672804844987596
30.172804844987596
