0.21550146548871854
0.26650146548871856
0.32650146548871856
0.38650146548871855
0.4565014654887185
0.5265014654887186
0.6065014654887185
0.6865014654887186
0.7765014654887186
0.8665014654887185
0.9665014654887186
1.0665014654887186
1.1665014654887185
1.2765014654887186
1.3865014654887184
1.5065014654887185
1.6265014654887184
1.7565014654887185
1.8865014654887184
2.026501465488719
2.1665014654887185
2.3165014654887184
2.4665014654887183
2.6265014654887184
2.7865014654887186
2.9565014654887185
3.1265014654887184
3.3065014654887186
3.4855014654887184
3.6765014654887183
3.8665014654887186
4.066501465488718
4.266501465488719
4.486501465488719
4.706501465488719
4.926501465488719
5.046501465488719
5.266501465488719
5.506501465488719
5.716501465488719
5.935501465488719
6.156501465488719
6.386501465488719
6.626501465488719
6.876501465488719
7.136501465488719
7.406501465488719
7.6865014654887185
7.9765014654887185
8.286501465488719
8.59650146548872
8.925501465488718
9.26650146548872
9.616501465488719
9.986501465488718
10.366501465488719
10.75650146548872
11.166501465488718
11.665501465488719
12.166501465488718
13.166501465488718
14.18650146548872
15.166501465488718
16.166501465488718
17.66550146548872
19.166501465488718
21.166501465488718
23.166501465488718
25.166501465488718
27.666501465488718
30.166501465488718
