0.4596455808734663
0.5296455808734664
0.6096455808734663
0.6896455808734664
0.7796455808734664
0.8696455808734663
0.9696455808734664
1.0696455808734664
1.1696455808734663
1.2796455808734664
1.3896455808734662
1.5096455808734663
1.6296455808734662
1.7596455808734663
1.8896455808734662
2.0296455808734666
2.1696455808734663
2.319645580873466
2.469645580873466
2.6296455808734662
2.7896455808734664
2.9596455808734663
3.1296455808734662
3.3096455808734664
3.488645580873466
3.679645580873466
3.8696455808734664
4.069645580873466
4.269645580873466
4.489645580873467
4.709645580873467
4.9296455808734665
5.049645580873467
5.269645580873466
5.509645580873467
5.7196455808734665
5.938645580873467
6.159645580873467
6.3896455808734665
6.629645580873467
6.879645580873467
7.1396455808734665
7.409645580873467
7.689645580873466
7.979645580873466
8.289645580873467
8.599645580873467
8.928645580873466
9.269645580873467
9.619645580873467
9.989645580873466
10.369645580873467
10.759645580873467
11.169645580873466
11.668645580873466
12.169645580873466
13.169645580873466
14.189645580873467
15.169645580873466
16.169645580873464
17.668645580873466
19.169645580873464
21.169645580873464
23.169645580873464
25.169645580873464
27.669645580873464
30.169645580873464
