0.45446924552135215
0.5244692455213522
0.6044692455213522
0.6844692455213522
0.7744692455213522
0.8644692455213522
0.9644692455213523
1.0644692455213522
1.1644692455213521
1.2744692455213522
1.384469245521352
1.5044692455213522
1.624469245521352
1.7544692455213522
1.884469245521352
2.0244692455213524
2.164469245521352
2.314469245521352
2.464469245521352
2.624469245521352
2.784469245521352
2.954469245521352
3.124469245521352
3.3044692455213522
3.483469245521352
3.674469245521352
3.8644692455213523
4.0644692455213525
4.264469245521352
4.484469245521352
4.704469245521352
4.924469245521352
5.044469245521352
5.264469245521352
5.504469245521352
5.714469245521352
5.933469245521352
6.154469245521352
6.384469245521352
6.624469245521352
6.874469245521352
7.134469245521352
7.404469245521352
7.684469245521352
7.974469245521352
8.284469245521352
8.594469245521353
8.923469245521352
9.264469245521353
9.614469245521352
9.984469245521352
10.364469245521352
10.754469245521353
11.164469245521351
11.663469245521352
12.164469245521351
13.164469245521351
14.184469245521353
15.164469245521351
16.164469245521353
17.663469245521355
19.164469245521353
21.164469245521353
23.164469245521353
25.164469245521353
27.664469245521353
30.164469245521353
